Feature ID	Taxon	Confidence
42ec464b64f1aa6a9e7418da2ea3df33	d__Bacteria;p__Pseudomonadota;c__Alphaproteobacteria;o__Acetobacterales;f__Acetobacteraceae;g__Acidocella	0.9972291545759322
640f816d351bb50c94316b07c0b03694	d__Bacteria;p__Pseudomonadota;c__Alphaproteobacteria;o__Acetobacterales;f__Acetobacteraceae;g__Acidocella	0.997236170175585
fc17ca5d50e1d02416af8d0fb7792597	d__Bacteria;p__Pseudomonadota;c__Alphaproteobacteria;o__Acetobacterales;f__Acetobacteraceae;g__Acidocella	0.9966226460400582
15ad86395d56d4242a5d9845ce1eb047	d__Bacteria;p__Pseudomonadota;c__Alphaproteobacteria;o__Acetobacterales;f__Acetobacteraceae;g__Acidocella	0.997205366257375
dea24668ee141e173d396ef1632fc974	d__Bacteria;p__Pseudomonadota;c__Alphaproteobacteria;o__Acetobacterales;f__Acetobacteraceae;g__Acidocella	0.997587971126956
ff49f70e3b3203061b0949b0c9c73e04	d__Bacteria;p__Pseudomonadota;c__Alphaproteobacteria;o__Acetobacterales;f__Acetobacteraceae;g__Acidocella	0.9981176657849585
46338964464b99f777d7e55a7ab732ad	d__Bacteria;p__Pseudomonadota;c__Alphaproteobacteria;o__Acetobacterales;f__Acetobacteraceae;g__Acidocella	0.9974773951392797
d74e4bc3b26b87bc5d4e77186d8d5d33	d__Bacteria;p__Pseudomonadota;c__Alphaproteobacteria;o__Acetobacterales;f__Acetobacteraceae;g__Acidocella	0.9977139427929638
b5323eb7e70bbaed811be4b1ba1f2b8d	d__Bacteria;p__Pseudomonadota;c__Alphaproteobacteria;o__Acetobacterales;f__Acetobacteraceae;g__Acidocella	0.9975531213446631
140359541e7dea274268fd43cbaa619d	d__Bacteria;p__Pseudomonadota;c__Alphaproteobacteria;o__Acetobacterales;f__Acetobacteraceae;g__Acidocella	0.9951438950070801
0e3414569069bd403a31b0c5b7d1b675	d__Bacteria;p__Pseudomonadota;c__Alphaproteobacteria;o__Acetobacterales;f__Acetobacteraceae;g__Acidocella	0.9971858655345796
947adf56c2cfe615403465b61b0af9e4	d__Bacteria;p__Pseudomonadota;c__Alphaproteobacteria;o__Acetobacterales;f__Acetobacteraceae;g__Acidocella	0.9981435844934425
d06c32ea3683b86c26fe23ef27ae6fff	d__Bacteria;p__Pseudomonadota;c__Alphaproteobacteria;o__Acetobacterales;f__Acetobacteraceae;g__Acidocella	0.9981774733512643
5829403731b88052482e108d637b7330	d__Bacteria;p__Pseudomonadota;c__Alphaproteobacteria;o__Acetobacterales;f__Acetobacteraceae;g__Acidocella	0.9979181124392321
43bdca1f48ab42ea116369c904f5d089	d__Bacteria;p__Pseudomonadota;c__Alphaproteobacteria;o__Acetobacterales;f__Acetobacteraceae;g__Acidocella	0.9976575606275964
ceda782f32c910fde1569ba65cf3c974	d__Bacteria;p__Pseudomonadota;c__Alphaproteobacteria;o__Acetobacterales;f__Acetobacteraceae;g__Acidocella	0.9979718948062749
23f461a3dd8066e9f1b4e473a3b15dce	d__Bacteria;p__Actinomycetota;c__Thermoleophilia;o__Solirubrobacterales;f__Solirubrobacteraceae;g__Conexibacter;s__uncultured_Conexibacteraceae	0.7816352251219759
4590d04a6d311b058462075bddd4f456	d__Bacteria;p__Pseudomonadota;c__Alphaproteobacteria;o__Acetobacterales;f__Acetobacteraceae;g__Acidocella	0.9966390161061857
993f029f4cc261df092234f9fb6a7c37	d__Bacteria;p__Pseudomonadota;c__Alphaproteobacteria;o__Acetobacterales;f__Acetobacteraceae;g__Acidocella	0.9979572679994198
1390b2bf88e261bad0644e8dbd377fbd	d__Bacteria	0.9995401809455294
5b428a7addcbf762b451a7c056296255	d__Bacteria;p__Pseudomonadota;c__Alphaproteobacteria;o__Acetobacterales;f__Acetobacteraceae;g__Acidocella	0.9976463995738325
e9be837d899a032812aa14027269611a	d__Bacteria;p__Pseudomonadota;c__Alphaproteobacteria;o__Acetobacterales;f__Acetobacteraceae;g__Acidocella	0.9950469863926668
1f8313823bf2c8b7aaa1e90a19cde3da	d__Bacteria;p__Pseudomonadota;c__Alphaproteobacteria;o__Acetobacterales;f__Acetobacteraceae;g__Acidocella	0.9982816736457025
0cd6d593f58d8533999f2612b8105ce4	d__Bacteria;p__Pseudomonadota;c__Alphaproteobacteria;o__Acetobacterales;f__Acetobacteraceae;g__Acidocella	0.9975178299300861
b26ba991f260fe1fb167408399fb8bf6	d__Bacteria;p__Pseudomonadota;c__Alphaproteobacteria;o__Acetobacterales;f__Acetobacteraceae;g__Acidocella	0.9966029731571516
2cf3824408628d0cdfc78f776355ea55	d__Bacteria;p__Pseudomonadota;c__Alphaproteobacteria;o__Acetobacterales;f__Acetobacteraceae;g__Acidocella	0.9975243407915656
caa8a14f4852cb9d8274e3ab7dae0712	d__Bacteria;p__Pseudomonadota;c__Alphaproteobacteria;o__Acetobacterales;f__Acetobacteraceae;g__Acidocella	0.9981933433069161
a8ff6d548cc854507f164724a00c82e6	d__Bacteria;p__Pseudomonadota;c__Alphaproteobacteria;o__Acetobacterales;f__Acetobacteraceae;g__Acidocella	0.9979717176243245
d2a7935fbe9bc9d845fb40487c4507db	d__Bacteria	0.9994834742763985
4897d15041b3681573524ff28147c294	d__Bacteria;p__Pseudomonadota;c__Alphaproteobacteria;o__Acetobacterales;f__Acetobacteraceae;g__Acidocella	0.9961712840998129
4544ba9db012851170b025d4eab2f6a1	d__Bacteria	0.9994240522548504
1f8553a0b7ac9f0702e68d73becba900	d__Bacteria;p__Pseudomonadota;c__Alphaproteobacteria;o__Acetobacterales;f__Acetobacteraceae;g__Acidocella	0.9980577264637622
628a13b582606fd280930545c781972f	d__Bacteria;p__Pseudomonadota;c__Alphaproteobacteria;o__Acetobacterales;f__Acetobacteraceae;g__Acidocella	0.9960859739406005
feb9caf50c6558b4ff4fdfd1784cc305	d__Bacteria;p__Pseudomonadota;c__Alphaproteobacteria;o__Acetobacterales;f__Acetobacteraceae;g__Acidocella	0.9982990374879432
6b22d684460c610750bba3ce74ae32c6	d__Bacteria;p__Pseudomonadota;c__Alphaproteobacteria;o__Acetobacterales;f__Acetobacteraceae;g__Acidocella	0.9976690541184944
ae62ee537bb36bed0b0e34b725c9e998	d__Bacteria;p__Pseudomonadota;c__Alphaproteobacteria;o__Acetobacterales;f__Acetobacteraceae;g__Acidocella	0.9978248611841227
97a6e505b04ce52058033b3a003b610b	d__Bacteria;p__Pseudomonadota;c__Alphaproteobacteria;o__Acetobacterales;f__Acetobacteraceae;g__Acidocella	0.9981758842574264
6b4360ad043cae409747203046a9f824	d__Bacteria	0.999466640098544
6aa52b04a4fff8c597264ce3894d6134	d__Bacteria;p__Pseudomonadota;c__Alphaproteobacteria;o__Acetobacterales;f__Acetobacteraceae;g__Acidocella	0.9958224886955931
f68a71edf675de1f3c6baea93fd55f55	d__Bacteria;p__Pseudomonadota;c__Alphaproteobacteria;o__Acetobacterales;f__Acetobacteraceae;g__Acidocella	0.9977290191349922
368078cf9a6c3ed2f228cc0732cb7754	d__Bacteria;p__Pseudomonadota;c__Alphaproteobacteria;o__Acetobacterales;f__Acetobacteraceae;g__Acidocella	0.9983823343190851
061f3554868f3dfa1f763a31a305b0a4	d__Bacteria	0.9995123658997654
df931f33d31edd40123c8c1770451c34	d__Bacteria	0.9994904927660534
80e33f7a67397ef34b1450e03bddd72e	d__Bacteria;p__Pseudomonadota;c__Alphaproteobacteria;o__Acetobacterales;f__Acetobacteraceae;g__Acidocella	0.9983673622334898
a6b77da4d9869b1607421390012bf7ad	d__Bacteria;p__Pseudomonadota;c__Alphaproteobacteria;o__Acetobacterales;f__Acetobacteraceae;g__Acidocella	0.9975607908772414
1807bf8cbacc74c7facae9dfa9bd0781	d__Bacteria;p__Pseudomonadota;c__Alphaproteobacteria;o__Acetobacterales;f__Acetobacteraceae;g__Acidocella	0.9975162841302622
3fc8924fb766c051ec1d9f17ba2386fb	d__Bacteria;p__Pseudomonadota;c__Alphaproteobacteria;o__Acetobacterales;f__Acetobacteraceae;g__Acidocella	0.9981087941264294
d41146080c3bb52238551d6d2e04efdb	d__Bacteria;p__Pseudomonadota;c__Alphaproteobacteria;o__Acetobacterales;f__Acetobacteraceae;g__Acidocella	0.9981159644245412
4579bd17dd3e299427c14f18c3209b25	d__Bacteria;p__Pseudomonadota;c__Alphaproteobacteria;o__Acetobacterales;f__Acetobacteraceae;g__Acidocella	0.9979417160424824
59f76e79da0caf598abfac68003159aa	d__Bacteria	0.9994566959167978
ec14b4308c083d0165a2c279a1d49a89	d__Bacteria;p__Pseudomonadota;c__Alphaproteobacteria;o__Acetobacterales;f__Acetobacteraceae;g__Acidocella	0.9976991211861403
3ee7dac3b0cd493c14aa370a5012b535	d__Bacteria;p__Pseudomonadota;c__Alphaproteobacteria;o__Acetobacterales;f__Acetobacteraceae;g__Acidocella	0.9977010252125361
41ef56c4ad2bc7cf7ed86d69c80c3e5d	d__Bacteria	0.9996605958185582
11e576ee50c9b32c53eaddf22fd14847	d__Bacteria;p__Pseudomonadota;c__Alphaproteobacteria;o__Acetobacterales;f__Acetobacteraceae;g__Acidocella	0.997465145216316
ecaa0c27f6db4286404294f7d29a5bad	d__Bacteria;p__Pseudomonadota;c__Alphaproteobacteria;o__Acetobacterales;f__Acetobacteraceae;g__Acidocella	0.9971343167589327
c8a3ff9368a2d95810908c1eb34a880d	d__Bacteria	0.9996142084518423
82b56c744ec12678633f7a6b48cb74ec	d__Bacteria;p__Pseudomonadota;c__Alphaproteobacteria;o__Acetobacterales;f__Acetobacteraceae;g__Acidocella	0.9978983848897889
df4de21fcc2fc1572e43cb4774a2140a	d__Bacteria	0.9995210747964757
29cc2621ede513047002b8245b2c6836	d__Bacteria	0.9996281282191225
525c31f35d0c128466cdd42931de4390	d__Bacteria	0.9994854134673801
e2b7b46e718b3a4b98150ed3b6de22ef	d__Bacteria;p__Pseudomonadota;c__Alphaproteobacteria;o__Acetobacterales;f__Acetobacteraceae;g__Acidocella	0.995120604279496
6cfca7e221dc82b1e29c354b98af26d3	d__Bacteria	0.9994576296313424
9e4f272ed1608bc7cb58429e95efab1b	d__Bacteria	0.9995179150337011
9ea4c2b5dab4d8dcf09b90f20ac5d980	d__Bacteria	0.9995620468765174
38a41c949288ace28f440eb3ec982cbc	d__Bacteria;p__Pseudomonadota;c__Alphaproteobacteria;o__Acetobacterales;f__Acetobacteraceae;g__Acidocella	0.9980955635716356
05fa2bc39e1d1aa59333859781548dd5	d__Bacteria	0.9995608742948661
df535481e9b970e7ebfa340036727831	d__Bacteria;p__Pseudomonadota;c__Alphaproteobacteria;o__Acetobacterales;f__Acetobacteraceae;g__Acidocella	0.9977101536128248
4bae61bc10770d07a7c71c1d0bb67824	d__Bacteria;p__Pseudomonadota;c__Alphaproteobacteria;o__Acetobacterales;f__Acetobacteraceae;g__Acidocella	0.9979569547646199
b18cf20f6b7d1cf8bd37fe00d1397350	d__Bacteria;p__Pseudomonadota;c__Alphaproteobacteria;o__Acetobacterales;f__Acetobacteraceae;g__Acidocella	0.9983713230190927
fdf936eeb1069dfe727cc9dc72093be0	d__Bacteria;p__Pseudomonadota;c__Alphaproteobacteria;o__Acetobacterales;f__Acetobacteraceae;g__Acidocella	0.9985270580790929
4a24fa488966628bceaafac362ceb70c	d__Bacteria	0.9994882325214021
add830af91c2d025a38a853886780dc7	d__Bacteria;p__Actinomycetota;c__Actinobacteria;o__Mycobacteriales;f__Mycobacteriaceae;g__Mycobacterium;s__Mycobacterium_heidelbergense	0.996880590034561
02b047646eb6cde519bf916d7847d688	d__Bacteria;p__Pseudomonadota;c__Alphaproteobacteria;o__Acetobacterales;f__Acetobacteraceae;g__Acidocella	0.9972955665931869
9cdc13ef23e6f762cef6b1c4b16b21ad	d__Bacteria;p__Pseudomonadota;c__Alphaproteobacteria;o__Acetobacterales;f__Acetobacteraceae;g__Acidocella	0.9981637120316736
6913753fe920aaa09146c1ccaef03f0d	d__Bacteria	0.9994976633028572
027badbb7c27d62180e4d6c369cf9f89	d__Bacteria	0.9994877241235569
a5315ce74897d0642888f889e08d64bf	d__Bacteria;p__Pseudomonadota;c__Alphaproteobacteria;o__Acetobacterales;f__Acetobacteraceae;g__Acidocella	0.9979940291905822
ba98aaea73d8dbc2abbaf5430bddf90a	d__Bacteria	0.9994831607369468
c723dfbaac37913766010b5847943214	d__Bacteria	0.9996246178502953
d6b8d4f742c0565f6460b8fc0fc6b300	d__Bacteria	0.999649315577383
3f9d0c4a639b44914b262362b3aed168	d__Bacteria	0.9995973919567555
0950b520fcb2ee50b78f233257361747	d__Bacteria	0.9996112153824851
03e87707702cd335850fa138eb302f53	d__Bacteria;p__Pseudomonadota;c__Alphaproteobacteria;o__Acetobacterales;f__Acetobacteraceae;g__Acidocella	0.9960714673482246
81f61f3bb6887caec9e34fc4e63f3fc5	d__Bacteria	0.9994806635762881
a951b0958d205e96d5efe24c000e070e	d__Bacteria	0.9994628949460136
6b36c5cb699332f6d5646d5887bcb2cf	d__Bacteria	0.9996070560968767
3f7c83ceb5675be9009d975f04c67c7e	d__Bacteria;p__Actinomycetota;c__Actinobacteria;o__Mycobacteriales;f__Mycobacteriaceae;g__Mycobacterium;s__Mycobacterium_heidelbergense	0.9968463497962907
85ee8e07abefeda6f0721e939660c93a	d__Bacteria	0.9995990046611766
0c017b2d8d8d981161cd22620eab1392	d__Bacteria;p__Pseudomonadota;c__Alphaproteobacteria;o__Acetobacterales;f__Acetobacteraceae;g__Acidocella	0.9983155506346411
362198ac835e9e735b6edc9bcddcb97a	d__Bacteria;p__Pseudomonadota;c__Alphaproteobacteria;o__Acetobacterales;f__Acetobacteraceae;g__Acidocella	0.9971661466110239
351f993284d019a4e056d894cdc42122	d__Bacteria	0.9996184009151088
cd603177930382afdeb11af67e892926	d__Bacteria	0.9996219492081257
43eee29c0310485eca622b92fdd95688	d__Bacteria;p__Pseudomonadota;c__Alphaproteobacteria;o__Acetobacterales;f__Acetobacteraceae;g__Acidocella	0.9979772065532302
bd2cc3d3eb273db8f543b58319a63fec	d__Bacteria	0.9996581649905149
d3f5ae86ce6fc28b659f1cf1c30d94d9	d__Bacteria;p__Pseudomonadota;c__Alphaproteobacteria;o__Acetobacterales;f__Acetobacteraceae;g__Acidocella	0.9974937357651146
e2e24339d907a3e1cdbfc686180923b8	d__Bacteria;p__Pseudomonadota;c__Alphaproteobacteria;o__Acetobacterales;f__Acetobacteraceae;g__Acidocella	0.9967100607272843
acaa1684e9ca96acf29f45fe5e840681	d__Bacteria	0.999615841477165
51523661b967a6107286d2dfe2b8d952	d__Bacteria;p__Pseudomonadota;c__Alphaproteobacteria;o__Acetobacterales;f__Acetobacteraceae;g__Acidocella	0.997656156939366
3efd4b946f0a0dcdcb0019602b8ebb29	d__Bacteria	0.9996249521694802
4af85717405690a61c03d51ffdddb626	d__Bacteria	0.9996381392669663
8e70c0228bdb6e292c4fe51bebf7590e	d__Bacteria;p__Pseudomonadota;c__Alphaproteobacteria;o__Acetobacterales;f__Acetobacteraceae;g__Acidocella	0.9979434141090692
dc0e8c944e193b55ff7cb634498be1e5	d__Bacteria	0.9996270345254108
cc7b648271c894eb410d3e79f6101fee	d__Bacteria;p__Pseudomonadota;c__Alphaproteobacteria;o__Acetobacterales;f__Acetobacteraceae;g__Acidocella	0.9980953140853784
dc7288eaade8ec7566f1dbe80918ebe6	d__Bacteria	0.9994627732940491
8605051c88066489bb5b7824b2861880	d__Bacteria	0.999477076291116
8237d9edf9167d148df8bea95081d5e8	d__Bacteria;p__Actinomycetota;c__Thermoleophilia;o__Solirubrobacterales;f__Solirubrobacteraceae;g__Conexibacter;s__uncultured_Conexibacteraceae	0.7013668782419844
783b5c12f47a4bf01f410854feab004f	d__Bacteria;p__Pseudomonadota;c__Alphaproteobacteria;o__Acetobacterales;f__Acetobacteraceae;g__Acidocella	0.9984573690679076
f795201bbfa0004b885d5adec78c58d6	d__Bacteria	0.9995974678620929
5254ab661ff41986663599db1b1271a7	d__Bacteria;p__Actinomycetota;c__Actinobacteria;o__Mycobacteriales;f__Mycobacteriaceae;g__Mycobacterium;s__Mycobacterium_heidelbergense	0.9968742815023485
8f69b850d486b5291b11704cd2f30f68	d__Bacteria;p__Pseudomonadota;c__Alphaproteobacteria;o__Acetobacterales;f__Acetobacteraceae;g__Acidocella	0.9980437749964851
4d22d78a3c6d2349b1b611d400af8368	d__Bacteria	0.9996215179856652
6f7e041c4ccf082e359c2b3162b12b59	d__Bacteria;p__Pseudomonadota;c__Alphaproteobacteria;o__Acetobacterales;f__Acetobacteraceae;g__Acidocella	0.9985389402827685
9529598ca32caed821c43753e7c5c854	d__Bacteria	0.9995707876094365
fd3cf5b834c3b3c181b7bd9ee2c7584b	d__Bacteria	0.9995861879408965
3247dfb130693777e426f430fae94b4f	d__Bacteria;p__Actinomycetota;c__Actinobacteria;o__Mycobacteriales;f__Mycobacteriaceae;g__Mycobacterium;s__Mycobacterium_heidelbergense	0.9967836490848587
f7ba0ea7d30142aa64c8c7539e91fb25	d__Bacteria;p__Pseudomonadota;c__Alphaproteobacteria;o__Acetobacterales;f__Acetobacteraceae;g__Acidocella	0.9975046148537039
467641ce4ac3a91a645852d4fde00e44	d__Bacteria	0.9996254215648941
a6ae1a9d4711dd73069d6a3f87ebdf79	d__Bacteria	0.9996469630421123
f7b6195a0c6bebbba1588ef771202411	d__Bacteria	0.9995990966650599
60d7dc40c5fb765b7e43c9c1698f2b81	d__Bacteria	0.9995825411378675
74c5541e7326ba7330b54cb9a2782039	d__Bacteria;p__Actinomycetota;c__Acidimicrobiia;o__Acidimicrobiales;f__Acidimicrobiaceae;g__Acidiferrimicrobium;s__actinobacterium_BGR	0.9859961948268093
6259f3e3357ee8ded24b376335adc28c	d__Bacteria;p__Actinomycetota;c__Thermoleophilia;o__Solirubrobacterales;f__Solirubrobacteraceae;g__Conexibacter;s__uncultured_Conexibacteraceae	0.7806179836104442
ae4115d7ee605ea47f4cff778cab9aab	d__Bacteria	0.9995586153321074
e84e750c11d7cea4fab4bb44923be3b6	d__Bacteria	0.999578925188095
b3dae184355a5bdb08003489c7e7337f	d__Bacteria;p__Actinomycetota;c__Actinobacteria;o__Mycobacteriales;f__Mycobacteriaceae;g__Mycobacterium;s__Mycobacterium_heidelbergense	0.996761689057243
9886d365a4bb97ca0e8c35ab455aaac9	d__Bacteria	0.9996077595183799
71c97cbf450bd8c57dc4184d177f54b1	d__Bacteria	0.9995754785089479
11b4b9d832017240cff9fb3be2cb51c2	d__Bacteria	0.9996039861862388
e97ea0982111a5594d2b8c6e776b8acc	d__Bacteria	0.9995960197419547
aa7f17782755f038913df8a41eb24b9a	d__Bacteria	0.9995528684494311
64e96483aa10aec121451b9b75a7ee14	d__Bacteria;p__Actinomycetota;c__Actinobacteria;o__Mycobacteriales;f__Mycobacteriaceae;g__Mycobacterium	0.9999999797486012
b8c626cb97aacad2e99d3f7a756f092a	d__Bacteria	0.9996356503156821
a21fde304df01d05dc6dd3580ea8d508	d__Bacteria	0.9995946044793794
acff1567b988c863d463aef54bb29a76	d__Bacteria;p__Actinomycetota;c__Thermoleophilia;o__Solirubrobacterales;f__Solirubrobacteraceae;g__Conexibacter;s__uncultured_Conexibacteraceae	0.771445510602632
7f94f6279852b7f5919522b974c1a843	d__Bacteria	0.9995943864964048
4954c65444153e54af98922dcdc4d0b7	d__Bacteria	0.9996242827789998
2ef4b17fc9236b67a4457b4ee517cc29	d__Bacteria;p__Pseudomonadota;c__Gammaproteobacteria;o__Gammaproteobacteria_Incertae_Sedis;f__Unknown_Family;g__Acidibacter;s__Acidibacter_ferrireducens	0.9019613936068589
98f1f52b968ad5c0445bab1f413c056b	d__Bacteria;p__Actinomycetota;c__Actinobacteria;o__Frankiales;f__Acidothermaceae;g__Acidothermus	0.9999999448618198
2c6154fdb205c65c25feb0edddcb1284	d__Bacteria;p__Pseudomonadota;c__Gammaproteobacteria;o__Gammaproteobacteria_Incertae_Sedis;f__Unknown_Family;g__Acidibacter;s__Acidibacter_ferrireducens	0.8936965867707131
22b22fba01f719f264aca7ddb75ab983	d__Bacteria	0.999549968018367
6a9a9375852dc101d0da97c7206d5b1b	d__Bacteria	0.9995756231830474
f0e89fb85edeb75e63fae9884a015270	d__Bacteria;p__Actinomycetota;c__Thermoleophilia;o__Solirubrobacterales;f__Solirubrobacteraceae;g__Conexibacter;s__uncultured_Conexibacteraceae	0.7992456031440175
c8f237372a565072a6147c96c2d2ad60	d__Bacteria	0.9995588138410325
9d5e9012b8855b09c3c6a10d5c81c060	d__Bacteria;p__Pseudomonadota;c__Alphaproteobacteria;o__Acetobacterales;f__Acetobacteraceae;g__Incertae_Sedis;s__uncultured_bacterium	0.7021078410177919
9bf0a4135ac8d18e50b019af9c66b1ac	d__Bacteria;p__Pseudomonadota;c__Gammaproteobacteria;o__Gammaproteobacteria_Incertae_Sedis;f__Unknown_Family;g__Acidibacter;s__Acidibacter_ferrireducens	0.8983907171138908
c57f89f0ab7cdba84863e5330c99cabd	d__Bacteria	0.9996203009800786
ec89f568173a9acc0cb62e2f43240f8f	d__Bacteria;p__Pseudomonadota;c__Alphaproteobacteria;o__Acetobacterales;f__Acetobacteraceae;g__Incertae_Sedis;s__uncultured_bacterium	0.7174749460482049
05ab063b30046b769d6e812159fffdc7	d__Bacteria;p__Actinomycetota;c__Thermoleophilia;o__Solirubrobacterales;f__Solirubrobacteraceae;g__Conexibacter;s__uncultured_Conexibacteraceae	0.7859832238138966
c990981f0898d84fc57321812bd5e197	d__Bacteria;p__Actinomycetota;c__Thermoleophilia;o__Solirubrobacterales;f__Solirubrobacteraceae;g__Conexibacter;s__uncultured_Conexibacteraceae	0.7659273591158204
3589530c59d9a5cf09f272be07f07efb	d__Bacteria;p__Actinomycetota;c__Thermoleophilia;o__Solirubrobacterales;f__Solirubrobacteraceae;g__Conexibacter;s__uncultured_Conexibacteraceae	0.7603223603771072
1e19e378b9ddf90da48d3e09819f7648	d__Bacteria;p__Acidobacteriota;c__Acidobacteriae;o__Terriglobales;f__Acidobacteriaceae_(Subgroup_1);g__Acidobacterium;s__uncultured_bacterium	0.7501173292378176
26719432271fa0eb59e5f09f99e99ce9	d__Bacteria;p__Actinomycetota;c__Thermoleophilia;o__Solirubrobacterales;f__Solirubrobacteraceae;g__Conexibacter	0.9160624588383146
984ec3bd68e6a795121cf3ad260ed474	d__Bacteria;p__Actinomycetota;c__Thermoleophilia;o__Solirubrobacterales;f__Solirubrobacteraceae;g__Conexibacter;s__uncultured_Conexibacteraceae	0.7995346259201702
3d34444c6d6b8f127186f431681855e7	d__Bacteria	0.9996060649654678
5a02501c94f8b2986b9800ad4270ca00	d__Bacteria;p__Actinomycetota;c__Actinobacteria;o__Mycobacteriales;f__Mycobacteriaceae;g__Mycobacterium;s__Mycobacterium_heidelbergense	0.9967297233434629
2c66a7c1f268e9e95c802ee4c64aa352	d__Bacteria;p__Acidobacteriota;c__Acidobacteriae;o__Terriglobales;f__Acidobacteriaceae_(Subgroup_1);g__Acidobacterium;s__uncultured_bacterium	0.7645817294896013
4e74902476a3c0f3d5cdad7fcd558299	d__Bacteria	0.9995701110846089
3e542623e8297156e624de06e872c63f	d__Bacteria	0.9996191656940258
7430195f58665768b8865de7cf07eefb	d__Bacteria;p__Pseudomonadota;c__Gammaproteobacteria;o__Gammaproteobacteria_Incertae_Sedis;f__Unknown_Family;g__Acidibacter;s__Acidibacter_ferrireducens	0.9015453658174284
573c12729c90d0aeb4d42975a6c07204	d__Bacteria;p__Pseudomonadota;c__Gammaproteobacteria;o__Gammaproteobacteria_Incertae_Sedis;f__Unknown_Family;g__Acidibacter;s__Acidibacter_ferrireducens	0.8973245341996376
0d006cc694f1879909910454d192743d	d__Bacteria;p__Actinomycetota;c__Thermoleophilia;o__Solirubrobacterales;f__Solirubrobacteraceae;g__Conexibacter;s__uncultured_Conexibacteraceae	0.7538915934125311
e987180cd80d0af2c0ba131e142cc9a1	d__Bacteria;p__Pseudomonadota;c__Gammaproteobacteria;o__Gammaproteobacteria_Incertae_Sedis;f__Unknown_Family;g__Acidibacter;s__Acidibacter_ferrireducens	0.9039065917374564
0924fb9a221f136ab0339bb10b91034b	d__Bacteria;p__Actinomycetota;c__Thermoleophilia;o__Solirubrobacterales;f__Solirubrobacteraceae;g__Conexibacter;s__uncultured_Conexibacteraceae	0.7511333661585705
56279f4ce835c833af3d446a0d595081	d__Bacteria	0.9996222747683513
0773c4d3e4388fa5014e742392b602d3	d__Bacteria;p__Pseudomonadota;c__Gammaproteobacteria;o__Gammaproteobacteria_Incertae_Sedis;f__Unknown_Family;g__Acidibacter;s__Acidibacter_ferrireducens	0.8765747554589061
8e4e10e522a382c2b81034cc4c88f9f5	d__Bacteria;p__Pseudomonadota;c__Gammaproteobacteria;o__Gammaproteobacteria_Incertae_Sedis;f__Unknown_Family;g__Acidibacter;s__Acidibacter_ferrireducens	0.8811138334953913
976937929cf492df697543c43c32b699	d__Bacteria;p__Actinomycetota;c__Thermoleophilia;o__Solirubrobacterales;f__Solirubrobacteraceae;g__Conexibacter;s__uncultured_Conexibacteraceae	0.7559227028446233
bc209b44c144ef07896755a9e332cc40	d__Bacteria;p__Actinomycetota;c__Thermoleophilia;o__Solirubrobacterales;f__Solirubrobacteraceae;g__Conexibacter;s__uncultured_Conexibacteraceae	0.7801567715459456
659006d1c120e1307eaf37f99dd65242	d__Bacteria;p__Pseudomonadota;c__Gammaproteobacteria;o__Gammaproteobacteria_Incertae_Sedis;f__Unknown_Family;g__Acidibacter;s__Acidibacter_ferrireducens	0.8946422734810513
feb69381c51b39cd3a684ba33bcf0060	d__Bacteria;p__Pseudomonadota;c__Gammaproteobacteria;o__Gammaproteobacteria_Incertae_Sedis;f__Unknown_Family;g__Acidibacter;s__Acidibacter_ferrireducens	0.8914493292031169
49077b1cd4eb9c5ff2010015b6396630	d__Bacteria;p__Actinomycetota;c__Actinobacteria;o__Mycobacteriales;f__Mycobacteriaceae;g__Mycobacterium	0.9999999819717297
a4e1e2c2274ff887e71a900052c7c19a	d__Bacteria;p__Pseudomonadota;c__Alphaproteobacteria;o__Rickettsiales;f__Mitochondria;g__Incertae_Sedis	0.9999876108519334
e196eff8a0b6646c9daf71c212729295	d__Bacteria;p__Actinomycetota;c__Acidimicrobiia;o__Acidimicrobiales;f__Acidimicrobiaceae;g__Acidiferrimicrobium;s__actinobacterium_BGR	0.9996668131042323
8f38d645418f991250b193232c0cf291	d__Bacteria	0.9996251274897627
a87e5d30ab28395c8007611ba8a0d7cf	d__Bacteria	0.9996154937894235
0b0f6b76a238e5eb780db9e417627e0d	d__Bacteria;p__Actinomycetota;c__Actinobacteria;o__Mycobacteriales;f__Mycobacteriaceae;g__Mycobacterium;s__Mycobacterium_heidelbergense	0.9967455297449053
c06205f525408780f5b25c973a8f2377	d__Bacteria;p__Actinomycetota;c__Thermoleophilia;o__Solirubrobacterales;f__Solirubrobacteraceae;g__Conexibacter;s__uncultured_Conexibacteraceae	0.7424008308407528
9eda3e301a6895bfc2415223d74f5dd9	d__Bacteria;p__Pseudomonadota;c__Alphaproteobacteria;o__Acetobacterales;f__Acetobacteraceae;g__Incertae_Sedis;s__uncultured_bacterium	0.7750491160299399
2814629fcbe9fe5eed14320bd3762018	d__Bacteria;p__Pseudomonadota;c__Alphaproteobacteria;o__Acetobacterales;f__Acetobacteraceae;g__Acidisoma;s__Acidisoma_sp.	0.9196786344774088
33941dfb4cf77554e1fa8c18e919ad09	d__Bacteria;p__Pseudomonadota;c__Alphaproteobacteria;o__Hyphomicrobiales;f__Xanthobacteraceae;g__Incertae_Sedis	0.8915903880575932
cce8efe4ecfa782bffcaf35583492c5e	d__Bacteria;p__Actinomycetota;c__Thermoleophilia;o__Solirubrobacterales;f__Solirubrobacteraceae;g__Conexibacter;s__uncultured_Conexibacteraceae	0.7348777809582309
aa7620a5c1ee5ed8c37cd08cff55abe8	d__Bacteria;p__Pseudomonadota;c__Gammaproteobacteria;o__Gammaproteobacteria_Incertae_Sedis;f__Unknown_Family;g__Acidibacter;s__Acidibacter_ferrireducens	0.9001460438633545
e3c631378be2f84bc2bdeaccf83f918c	d__Bacteria;p__Pseudomonadota;c__Alphaproteobacteria;o__Acetobacterales;f__Acetobacteraceae;g__Acidocella;s__uncultured_Acidocella	0.7102878857343545
2f9abd7fe638a0d847ef6f7c2a2a3446	d__Bacteria;p__Planctomycetota;c__Planctomycetes;o__Isosphaerales;f__Isosphaeraceae	0.999999999999929
d65a4e254f60adcd047784f99f5c7995	d__Bacteria;p__Actinomycetota;c__Thermoleophilia;o__Solirubrobacterales;f__Solirubrobacteraceae;g__Conexibacter;s__uncultured_Conexibacteraceae	0.7493166753400503
135765192d465fe35a209c6b4ca243a9	d__Bacteria;p__Pseudomonadota;c__Gammaproteobacteria;o__Gammaproteobacteria_Incertae_Sedis;f__Unknown_Family;g__Acidibacter;s__Acidibacter_ferrireducens	0.9065652283034247
b4b820df7f21675fd08beb301db4bbd7	d__Bacteria;p__Pseudomonadota;c__Gammaproteobacteria;o__Gammaproteobacteria_Incertae_Sedis;f__Unknown_Family;g__Acidibacter;s__Acidibacter_ferrireducens	0.9038090649212894
3d006a3951f662155a3f49533d2ba73e	d__Bacteria;p__Pseudomonadota;c__Gammaproteobacteria;o__Gammaproteobacteria_Incertae_Sedis;f__Unknown_Family;g__Acidibacter;s__Acidibacter_ferrireducens	0.8977884935553126
1a5c164e2b946995a86f0a1e2fdb7d98	d__Bacteria;p__Actinomycetota;c__Actinobacteria;o__Mycobacteriales;f__Mycobacteriaceae;g__Mycobacterium;s__Mycobacterium_heidelbergense	0.9966026736775658
11b2fef9e61d4cfdca3d3fa218914ce8	d__Bacteria;p__Actinomycetota;c__Thermoleophilia;o__Solirubrobacterales;f__Solirubrobacteraceae;g__Conexibacter;s__uncultured_Conexibacteraceae	0.7993924557395863
1e186e78e4799a7a3695c6eb27784f17	d__Bacteria;p__Actinomycetota;c__Thermoleophilia;o__Solirubrobacterales;f__Solirubrobacteraceae;g__Conexibacter;s__uncultured_Conexibacteraceae	0.7260924028375306
c749901def2d0a56dcb03c2b4b2ba3ee	d__Bacteria;p__Pseudomonadota;c__Gammaproteobacteria;o__Gammaproteobacteria_Incertae_Sedis;f__Unknown_Family;g__Acidibacter;s__Acidibacter_ferrireducens	0.9006889360655221
2ecbb43d0645bdb0cad9bf615367675f	d__Bacteria;p__Pseudomonadota;c__Gammaproteobacteria;o__Gammaproteobacteria_Incertae_Sedis;f__Unknown_Family;g__Acidibacter;s__Acidibacter_ferrireducens	0.8891598433655675
50e5ce27c66c006a05200cf312ff153e	d__Bacteria;p__Actinomycetota;c__Acidimicrobiia;o__Acidimicrobiales;f__Acidimicrobiaceae;g__Incertae_Sedis;s__uncultured_Acidimicrobiaceae	0.8370369959651276
50e5fdb84d4e2c1986ad063a4b8fcc6d	d__Bacteria;p__Actinomycetota;c__Acidimicrobiia;o__Acidimicrobiales;f__Acidimicrobiaceae;g__Incertae_Sedis;s__uncultured_forest	0.8207737492115572
5a347074be5ff84f453d8dde133b62c9	d__Bacteria;p__Pseudomonadota;c__Gammaproteobacteria;o__Gammaproteobacteria_Incertae_Sedis;f__Unknown_Family;g__Acidibacter;s__Acidibacter_ferrireducens	0.8836604479534248
aac7e47274e4daf2db1c72f784c5470c	d__Bacteria	0.9995756952415957
6571cfef8c66b01a4345f4d64cce626d	d__Bacteria;p__Actinomycetota;c__Thermoleophilia;o__Solirubrobacterales;f__Solirubrobacteraceae;g__Incertae_Sedis;s__soil_metagenome	0.7510637436656153
21fd0826b7e49a233dbd1dbb33645597	d__Bacteria;p__Patescibacteria;c__Saccharimonadia;o__Saccharimonadales;f__Incertae_Sedis;g__Incertae_Sedis;s__uncultured_bacterium	0.9855305786959904
ce88ab7001e48940f1fb386bc00f1aca	d__Bacteria;p__Actinomycetota;c__Thermoleophilia;o__Solirubrobacterales;f__Solirubrobacteraceae;g__Conexibacter;s__uncultured_Conexibacteraceae	0.7309439799611229
f9e8450df1468b375b9448de20fd9284	d__Bacteria;p__Actinomycetota;c__Thermoleophilia;o__Solirubrobacterales;f__Solirubrobacteraceae;g__Conexibacter;s__uncultured_Conexibacteraceae	0.803390598134797
c2c09a36c641c69aa915de4dfb74b6fc	d__Bacteria;p__Actinomycetota;c__Thermoleophilia;o__Solirubrobacterales;f__Solirubrobacteraceae;g__Conexibacter;s__uncultured_bacterium	0.9496763905930621
2ebbd905f57d57347a48cb822f0a1f6d	d__Bacteria;p__Actinomycetota;c__Thermoleophilia;o__Solirubrobacterales;f__Solirubrobacteraceae;g__Conexibacter;s__uncultured_Conexibacteraceae	0.7984645036425397
1467344fc9d982ab2c8ad1e7586d49f1	d__Bacteria;p__Actinomycetota;c__Thermoleophilia;o__Solirubrobacterales;f__Solirubrobacteraceae;g__Conexibacter;s__uncultured_Conexibacteraceae	0.7068298822765481
b21da23a0f4dcccb02ac3ae40c98f1d2	d__Bacteria	0.9996210377098727
d6542287e69c2d15acff4161e9918245	d__Bacteria;p__Actinomycetota;c__Acidimicrobiia;o__Acidimicrobiales;f__Acidimicrobiaceae;g__Acidiferrimicrobium;s__Aciditerrimonas_sp.	0.8325229525100912
f9214c906eaa2c3b9fdef3eb725f0cc2	d__Bacteria;p__Chlamydiota;c__Chlamydiia;o__Chlamydiales	0.9999941649893405
027416b7992e19454366fe8196cc1da8	d__Bacteria;p__Chlamydiota;c__Chlamydiia;o__Chlamydiales	0.9999596911457901
9ae846611ba660bec53a18dab6620a88	d__Bacteria;p__Actinomycetota;c__Thermoleophilia;o__Solirubrobacterales;f__Solirubrobacteraceae;g__Conexibacter;s__uncultured_Conexibacteraceae	0.7375840729786443
4097c15858f7c6b77923043f2de9f73f	d__Bacteria;p__Actinomycetota;c__Thermoleophilia;o__Solirubrobacterales;f__Solirubrobacteraceae;g__Conexibacter;s__uncultured_Conexibacteraceae	0.7751837998917899
6bb2f91caad6952af8e0194ee47d6185	d__Bacteria;p__Actinomycetota;c__Thermoleophilia;o__Solirubrobacterales;f__Solirubrobacteraceae;g__Conexibacter;s__uncultured_Conexibacteraceae	0.7988248290602965
665f8722ff2506c9935355820803361a	d__Bacteria;p__Actinomycetota;c__Thermoleophilia;o__Solirubrobacterales;f__Solirubrobacteraceae;g__Conexibacter;s__uncultured_Conexibacteraceae	0.7222691812029873
d2265ed4ce3f1df9e0a708e92f080181	d__Bacteria;p__Actinomycetota;c__Thermoleophilia;o__Solirubrobacterales;f__Solirubrobacteraceae;g__Conexibacter;s__uncultured_Conexibacteraceae	0.7618652868349385
661bd5b6369c0050a6c301d1d6c3b790	d__Bacteria;p__Pseudomonadota;c__Gammaproteobacteria;o__Gammaproteobacteria_Incertae_Sedis;f__Unknown_Family;g__Acidibacter;s__Acidibacter_ferrireducens	0.891076145276597
2d49a776d12747c40ebe0c9d7e409fa6	d__Bacteria;p__Acidobacteriota;c__Acidobacteriae;o__Terriglobales;f__Acidobacteriaceae_(Subgroup_1);g__Acidobacterium;s__uncultured_bacterium	0.7499790843638057
c68193cf1201e61f70fd58f4e2b72b55	d__Bacteria;p__Pseudomonadota;c__Gammaproteobacteria;o__Gammaproteobacteria_Incertae_Sedis;f__Unknown_Family;g__Acidibacter;s__Acidibacter_ferrireducens	0.9044411975263883
c93b76289a12e01b0e44e652c13000c6	d__Bacteria;p__Actinomycetota;c__Thermoleophilia;o__Solirubrobacterales;f__Solirubrobacteraceae;g__Conexibacter;s__uncultured_Conexibacteraceae	0.7995600229389928
ea7c0f85f556fef0f5b844ef1ae844ba	d__Bacteria;p__Actinomycetota;c__Thermoleophilia;o__Solirubrobacterales;f__Solirubrobacteraceae;g__Conexibacter;s__uncultured_Conexibacteraceae	0.7799993776320161
edfd0b84d3356d0cbffcebed49bfa0ba	d__Bacteria;p__Actinomycetota;c__Thermoleophilia;o__Solirubrobacterales;f__Solirubrobacteraceae;g__Conexibacter;s__uncultured_bacterium	0.7794370725376765
add0bb79d35b0f6234dae8b613658d8e	d__Bacteria;p__Pseudomonadota;c__Gammaproteobacteria;o__Gammaproteobacteria_Incertae_Sedis;f__Unknown_Family;g__Acidibacter;s__Acidibacter_ferrireducens	0.9068423566237668
beb535048fc7f0bda1e272e5a9e57bb5	d__Bacteria;p__Actinomycetota;c__Thermoleophilia;o__Solirubrobacterales;f__Solirubrobacteraceae;g__Conexibacter	0.8632406026498362
60f2c8e4dd1d26e55bbc386893ffb72c	d__Bacteria;p__Pseudomonadota;c__Gammaproteobacteria;o__Gammaproteobacteria_Incertae_Sedis;f__Unknown_Family;g__Acidibacter;s__Acidibacter_ferrireducens	0.9005959967465623
df4a377056d7cbfc1b445a813ff45bce	d__Bacteria;p__Actinomycetota;c__Thermoleophilia;o__Solirubrobacterales;f__Solirubrobacteraceae;g__Conexibacter	0.8746908219469817
2aaa2c040c6efb9c27b2fe8916f5a771	d__Bacteria;p__Actinomycetota;c__Actinobacteria;o__Mycobacteriales;f__Mycobacteriaceae;g__Mycobacterium;s__Mycobacterium_heidelbergense	0.9965843053153172
0d695a8c3f87e1920b72598a93811c54	d__Bacteria;p__Pseudomonadota;c__Alphaproteobacteria;o__Acetobacterales;f__Acetobacteraceae;g__Incertae_Sedis;s__uncultured_bacterium	0.7918360878403083
a80fc10242910d6e9b41aee72c058958	d__Bacteria;p__Acidobacteriota;c__Acidobacteriae;o__Terriglobales;f__Acidobacteriaceae_(Subgroup_1);g__Incertae_Sedis;s__uncultured_Acidobacterium	0.9855102685967911
a68a6b1eaf48bb09839dccf60276d5e4	d__Bacteria;p__Actinomycetota;c__Actinobacteria;o__Frankiales;f__Acidothermaceae;g__Acidothermus;s__uncultured_soil	0.9141340898713937
38e1408de70aad1928fcb45fa862c473	d__Bacteria;p__Actinomycetota;c__Thermoleophilia;o__Solirubrobacterales;f__Solirubrobacteraceae;g__Conexibacter;s__uncultured_Conexibacteraceae	0.7633091346228871
3d20a01688219761320efeae37a2ff01	d__Bacteria;p__Pseudomonadota;c__Gammaproteobacteria;o__Burkholderiales;f__Alcaligenaceae;g__Bordetella;s__uncultured_bacterium	0.9439999574108895
e90d849588bb9915da68b22869b6d1a1	d__Bacteria;p__Pseudomonadota;c__Gammaproteobacteria;o__Burkholderiales;f__Alcaligenaceae;g__Bordetella;s__uncultured_bacterium	0.9456679592052045
77a97eef3e1dab0942c090a00a88468d	d__Bacteria;p__Acidobacteriota;c__Acidobacteriae;o__Terriglobales;f__Acidobacteriaceae_(Subgroup_1);g__Occallatibacter	0.9592703849327691
03787f6c758f01c6e9bded170f3fd213	d__Bacteria;p__Actinomycetota;c__Thermoleophilia;o__Solirubrobacterales;f__Solirubrobacteraceae;g__Conexibacter;s__uncultured_Conexibacteraceae	0.731722561832362
47b44eabd9bc65c183409dffba6a2278	d__Bacteria;p__Pseudomonadota;c__Gammaproteobacteria;o__Gammaproteobacteria_Incertae_Sedis;f__Unknown_Family;g__Acidibacter;s__Acidibacter_ferrireducens	0.878883145898564
0d4432c12230dcac8e4882923ea1d780	d__Bacteria;p__Actinomycetota;c__Thermoleophilia;o__Solirubrobacterales;f__Solirubrobacteraceae;g__Conexibacter;s__uncultured_Conexibacteraceae	0.759785015645283
3cfd92e0a543651e4a620edeaeeedae2	d__Bacteria;p__Actinomycetota;c__Thermoleophilia;o__Solirubrobacterales;f__Solirubrobacteraceae;g__Conexibacter;s__uncultured_Conexibacteraceae	0.7275897859108017
110253ac568ec1ef677054e778f46eed	d__Bacteria;p__Acidobacteriota;c__Acidobacteriae;o__Terriglobales;f__Acidobacteriaceae_(Subgroup_1);g__Acidobacterium;s__uncultured_bacterium	0.7659814263818429
e906fd6b2cd7555bc994a62ea6c11cae	d__Bacteria;p__Pseudomonadota;c__Gammaproteobacteria;o__Gammaproteobacteria_Incertae_Sedis;f__Unknown_Family;g__Acidibacter;s__Acidibacter_ferrireducens	0.8977141009011903
1e6df94a79e635ac300e3ac5c83e2caa	d__Bacteria;p__Actinomycetota;c__Thermoleophilia;o__Solirubrobacterales;f__Solirubrobacteraceae;g__Conexibacter	0.8694856620902126
d74faa1b981f43a1041abb58519390a9	d__Bacteria;p__Actinomycetota;c__Thermoleophilia;o__Solirubrobacterales;f__Solirubrobacteraceae;g__Conexibacter;s__uncultured_Conexibacteraceae	0.7731220562038745
9447acc69547c06568ea089336a6d455	d__Bacteria;p__Actinomycetota;c__Actinobacteria;o__Mycobacteriales;f__Mycobacteriaceae;g__Mycobacterium;s__Mycobacterium_heidelbergense	0.9966127167091621
6c79641a4a38aed610e704ff7b4b7167	d__Bacteria;p__Actinomycetota;c__Thermoleophilia;o__Solirubrobacterales;f__Solirubrobacteraceae;g__Conexibacter;s__uncultured_Conexibacteraceae	0.8024323714297861
1f60dc2e2bd22d4705e66158094a9341	d__Bacteria;p__Pseudomonadota;c__Alphaproteobacteria;o__Rickettsiales;f__Mitochondria;g__Incertae_Sedis;s__Rhynchosporium_secalis	0.9800393365615451
ea4d842a690bec39c5d1c6ed4aeb1d9b	d__Bacteria;p__Actinomycetota;c__Actinobacteria;o__Mycobacteriales;f__Mycobacteriaceae;g__Mycobacterium;s__Mycobacterium_heidelbergense	0.9965664773708867
85106dbc23e1aa29e5e3449ef9978065	d__Bacteria;p__Actinomycetota;c__Actinobacteria;o__Frankiales;f__Acidothermaceae;g__Acidothermus;s__uncultured_actinobacterium	0.7935419571324454
e9b0558354b3b861dbd47ce281d4830b	d__Bacteria;p__Pseudomonadota;c__Alphaproteobacteria;o__Micropepsales;f__Micropepsaceae;g__Incertae_Sedis;s__uncultured_bacterium	0.8129231609471091
09fe5e82107e8748fe84522620584b47	d__Bacteria;p__Actinomycetota;c__Thermoleophilia;o__Solirubrobacterales;f__Solirubrobacteraceae;g__Conexibacter	0.918820229863842
3248e7b086b79dd6d9e62adc1a268413	d__Bacteria;p__Actinomycetota;c__Thermoleophilia;o__Solirubrobacterales;f__Solirubrobacteraceae;g__Conexibacter;s__uncultured_Conexibacteraceae	0.7606203672297831
046c591bf834d6ac54b846476e5bf4ce	d__Bacteria;p__Pseudomonadota;c__Gammaproteobacteria;o__Gammaproteobacteria_Incertae_Sedis;f__Unknown_Family;g__Acidibacter;s__Acidibacter_ferrireducens	0.8788823319091181
ab8a5472f5c4e0ab4aabd97c9582bd1e	d__Bacteria;p__Actinomycetota;c__Thermoleophilia;o__Solirubrobacterales;f__Solirubrobacteraceae;g__Conexibacter;s__uncultured_Conexibacteraceae	0.7544565414623533
6cb37b6f8735f84639d11a89d14b5b8c	d__Bacteria;p__Pseudomonadota;c__Gammaproteobacteria;o__Gammaproteobacteria_Incertae_Sedis;f__Unknown_Family;g__Acidibacter;s__Acidibacter_ferrireducens	0.8949939500611287
602b38524f5541fb8d8eefa74f7c4ad4	d__Bacteria;p__Pseudomonadota;c__Gammaproteobacteria;o__Gammaproteobacteria_Incertae_Sedis;f__Unknown_Family;g__Acidibacter;s__Acidibacter_ferrireducens	0.8953092836260746
79c4d0ef0389a601f688e05bd5e41e3b	d__Bacteria;p__Pseudomonadota;c__Gammaproteobacteria;o__Gammaproteobacteria_Incertae_Sedis;f__Unknown_Family;g__Acidibacter;s__Acidibacter_ferrireducens	0.8812180644788791
42ce90ed9fef7978830fd778ee30aaa8	d__Bacteria;p__Actinomycetota;c__Actinobacteria;o__Mycobacteriales;f__Mycobacteriaceae;g__Mycobacterium;s__Mycobacterium_heidelbergense	0.9965807782084648
e41090f53228364b82b3f1be09b3b0e8	d__Bacteria;p__Pseudomonadota;c__Alphaproteobacteria;o__Acetobacterales;f__Acetobacteraceae;g__Incertae_Sedis;s__uncultured_bacterium	0.7069990979405746
4580c9e009733b77b8ba62647aac531a	d__Bacteria;p__Acidobacteriota;c__Acidobacteriae;o__Terriglobales;f__Acidobacteriaceae_(Subgroup_1);g__Occallatibacter	0.9737551034446855
e0a341e6e491a0b31f12bac607695a6c	d__Bacteria;p__Actinomycetota;c__Actinobacteria;o__Frankiales;f__Acidothermaceae;g__Acidothermus;s__uncultured_actinobacterium	0.8141014671995815
31d98ce363c468146e1e96f3b1d92e9a	d__Bacteria;p__Actinomycetota;c__Thermoleophilia;o__Solirubrobacterales;f__Solirubrobacteraceae;g__Conexibacter;s__uncultured_bacterium	0.7126776193337928
50c3a57a6c2010ee3d790feb64afe53a	d__Bacteria;p__Pseudomonadota;c__Gammaproteobacteria;o__Gammaproteobacteria_Incertae_Sedis;f__Unknown_Family;g__Acidibacter;s__Acidibacter_ferrireducens	0.8817048837116445
4a3f490c888446b139ebc619aff321e1	d__Bacteria;p__Actinomycetota;c__Actinobacteria;o__Frankiales;f__Acidothermaceae;g__Acidothermus;s__uncultured_Thermomonosporaceae	0.9631591180939423
4576bb548cba8ed9545608f54e5b700e	d__Bacteria;p__Actinomycetota;c__Thermoleophilia;o__Solirubrobacterales;f__Solirubrobacteraceae;g__Conexibacter;s__uncultured_bacterium	0.9605097602904339
162b0ae48a100e4edd88c2b536aa9ac0	d__Bacteria;p__Actinomycetota;c__Actinobacteria;o__Mycobacteriales;f__Mycobacteriaceae;g__Mycobacterium;s__Mycobacterium_heidelbergense	0.9967161105259279
24b270abf96e1d0e3f8ce9725ebe63c9	d__Bacteria;p__Actinomycetota;c__Actinobacteria;o__Mycobacteriales;f__Mycobacteriaceae;g__Mycobacterium;s__Mycobacterium_heidelbergense	0.9968455321450155
f79166450f4f8b01b367434bba58de35	d__Bacteria;p__Pseudomonadota;c__Alphaproteobacteria;o__Micropepsales;f__Micropepsaceae;g__Incertae_Sedis;s__uncultured_bacterium	0.8748942592460847
7f748be442c0bcfb9c02748fab724594	d__Bacteria;p__Actinomycetota;c__Thermoleophilia;o__Solirubrobacterales;f__Solirubrobacteraceae;g__Conexibacter;s__uncultured_Conexibacteraceae	0.7799818151642072
998ab44e4232e185f55673b0ec8539cf	d__Bacteria;p__Actinomycetota;c__Thermoleophilia;o__Solirubrobacterales;f__Solirubrobacteraceae;g__Conexibacter;s__uncultured_Conexibacteraceae	0.7710397857153134
b4dd9f1a987b8c5df074bff4ca1db838	d__Bacteria;p__Actinomycetota;c__Thermoleophilia;o__Solirubrobacterales;f__Solirubrobacteraceae;g__Conexibacter;s__uncultured_Conexibacteraceae	0.7302203303581829
03dfc8a857016680b8de170543b8e4e9	d__Bacteria;p__Actinomycetota;c__Thermoleophilia;o__Solirubrobacterales;f__Solirubrobacteraceae;g__Conexibacter;s__uncultured_bacterium	0.9644363718894281
7301986c47fe1f425355597535b3606a	d__Bacteria;p__Pseudomonadota;c__Gammaproteobacteria;o__Gammaproteobacteria_Incertae_Sedis;f__Unknown_Family;g__Acidibacter;s__Acidibacter_ferrireducens	0.9061824790962721
05603329362895e24e177e952500b7b9	d__Bacteria;p__Actinomycetota;c__Thermoleophilia;o__Solirubrobacterales;f__Solirubrobacteraceae;g__Conexibacter;s__uncultured_Conexibacteraceae	0.777596836581127
15fb9b320e344bd75f12237ee63c0cc9	d__Bacteria;p__Pseudomonadota;c__Alphaproteobacteria;o__Acetobacterales;f__Acetobacteraceae;g__Incertae_Sedis	0.7200364665428929
56b16817862162c5400adcca30a4d89b	d__Bacteria;p__Dependentiae;c__Babeliae;o__Babeliales;f__Vermiphilaceae;g__Incertae_Sedis;s__uncultured_Candidatus	0.9812648581871068
cda6ec10d16bbe1d3851f3138a80b759	d__Bacteria;p__Actinomycetota;c__Actinobacteria;o__Mycobacteriales;f__Mycobacteriaceae;g__Mycobacterium;s__Mycobacterium_heidelbergense	0.9968794610621207
5e26ac6b948d53a8a0ef5194e329aa33	d__Bacteria;p__Acidobacteriota;c__Acidobacteriae;o__Terriglobales;f__Acidobacteriaceae_(Subgroup_1);g__Occallatibacter;s__uncultured_forest	0.9805761550056489
63fc8c694963a19137a8add9d14e1ff4	d__Bacteria;p__Pseudomonadota;c__Gammaproteobacteria;o__Burkholderiales;f__Burkholderiaceae;g__Cupriavidus;s__Cupriavidus_metallidurans	0.7233836632611716
19e447f0fb56180ce781e3383ebe72ac	d__Bacteria;p__Actinomycetota;c__Thermoleophilia;o__Solirubrobacterales;f__Solirubrobacteraceae;g__Conexibacter;s__uncultured_Conexibacteraceae	0.7679417865779185
01f6615c2a989e3f5a3c7ccfbb4b6f4b	d__Bacteria;p__Actinomycetota;c__Thermoleophilia;o__Solirubrobacterales;f__Solirubrobacteraceae;g__Conexibacter	0.9250029555866065
6e6c5d40ea7883ada28c9f93751bba5c	d__Bacteria;p__Actinomycetota;c__Thermoleophilia;o__Solirubrobacterales;f__Solirubrobacteraceae;g__Conexibacter;s__uncultured_Conexibacteraceae	0.7228406692084575
d46087d7c9d75f9785498dd741916c7d	d__Bacteria;p__Pseudomonadota;c__Gammaproteobacteria;o__Gammaproteobacteria_Incertae_Sedis;f__Unknown_Family;g__Acidibacter;s__Acidibacter_ferrireducens	0.8877960952150019
38d4087a785f2631ba45ac78ca05020a	d__Bacteria;p__Pseudomonadota;c__Gammaproteobacteria;o__Gammaproteobacteria_Incertae_Sedis;f__Unknown_Family;g__Acidibacter;s__Acidibacter_ferrireducens	0.9015498682405682
59bef26d9f8af84dc2d96d79ee3278b5	d__Bacteria;p__Pseudomonadota;c__Gammaproteobacteria;o__Gammaproteobacteria_Incertae_Sedis;f__Unknown_Family;g__Acidibacter;s__Acidibacter_ferrireducens	0.8978829814430798
aee447030099eae74d7c8778549cae75	d__Bacteria;p__Pseudomonadota;c__Gammaproteobacteria;o__Gammaproteobacteria_Incertae_Sedis;f__Unknown_Family;g__Acidibacter;s__Acidibacter_ferrireducens	0.8972849242405856
70ef65a227ac14b3772161c9d1e0f487	d__Bacteria;p__Actinomycetota;c__Thermoleophilia;o__Solirubrobacterales;f__Solirubrobacteraceae;g__Conexibacter	0.86300717114049
9f788b59b92746a918f28c49ff8d2e7b	d__Bacteria;p__Actinomycetota;c__Thermoleophilia;o__Solirubrobacterales;f__Solirubrobacteraceae;g__Conexibacter	0.8286603000982008
c798203c741887fef3937cb3a8ac4b2a	d__Bacteria;p__Actinomycetota;c__Thermoleophilia;o__Solirubrobacterales;f__Solirubrobacteraceae;g__Conexibacter;s__uncultured_Conexibacteraceae	0.7858218480893652
eb44acfb64006153dfa2305634406d1c	d__Bacteria;p__Actinomycetota;c__Thermoleophilia;o__Solirubrobacterales;f__Solirubrobacteraceae;g__Conexibacter;s__uncultured_Conexibacteraceae	0.7362047969253719
6835cef5166797ea1d9ecde1b63ae3e9	d__Bacteria;p__Actinomycetota;c__Thermoleophilia;o__Solirubrobacterales;f__Solirubrobacteraceae;g__Conexibacter	0.8869704758571884
8636fe1cbb2ccba74f606f26d4530f8a	d__Bacteria;p__Pseudomonadota;c__Alphaproteobacteria;o__Acetobacterales;f__Acetobacteraceae;g__Incertae_Sedis;s__uncultured_bacterium	0.768908823730549
dcb5f571a10693ec9df80a6794d3c6a6	d__Bacteria;p__Patescibacteria;c__Saccharimonadia;o__Saccharimonadales;f__Incertae_Sedis;g__Incertae_Sedis;s__uncultured_bacterium	0.9587602557604725
5b0b10b5766b034251370179c4613f74	d__Bacteria;p__Actinomycetota;c__Actinobacteria;o__Frankiales;f__Acidothermaceae;g__Acidothermus;s__uncultured_actinobacterium	0.8104930571516026
7a673131a61cda30f94bc7ead64a5f57	d__Bacteria;p__Pseudomonadota	0.8917042093061144
1252fdfb28e3ba25df5c4468b3030f9a	d__Bacteria;p__Pseudomonadota;c__Alphaproteobacteria;o__Caulobacterales;f__Caulobacteraceae;g__Incertae_Sedis;s__uncultured_Caulobacteraceae	0.7763663055764339
8108ab7892f4b6a8dcdd5a5c031dd4c5	d__Bacteria;p__Pseudomonadota;c__Gammaproteobacteria;o__Gammaproteobacteria_Incertae_Sedis;f__Unknown_Family;g__Acidibacter;s__Acidibacter_ferrireducens	0.8929550089748345
d044ada79d67849f80c214d9732d4cae	d__Bacteria;p__Pseudomonadota;c__Alphaproteobacteria;o__Acetobacterales;f__Acetobacteraceae	0.9999998489158357
5474d41654c9f6d9c4d40a633034d7dc	d__Bacteria;p__Pseudomonadota;c__Gammaproteobacteria;o__Gammaproteobacteria_Incertae_Sedis;f__Unknown_Family;g__Acidibacter;s__Acidibacter_ferrireducens	0.883135232742401
a0258028c1d7fc15b79bda34a3e19188	d__Bacteria;p__Pseudomonadota;c__Gammaproteobacteria;o__Gammaproteobacteria_Incertae_Sedis;f__Unknown_Family;g__Acidibacter;s__Acidibacter_ferrireducens	0.8884204774744578
f9e059450abe084fc215f8b33479c50f	d__Bacteria;p__Pseudomonadota;c__Alphaproteobacteria;o__Acetobacterales;f__Acetobacteraceae;g__Acidisoma;s__Acidisoma_sp.	0.7893902922402496
554bb6abb4b70eb4202d51243ea3fc60	d__Bacteria;p__Actinomycetota;c__Thermoleophilia;o__Solirubrobacterales;f__Solirubrobacteraceae;g__Conexibacter	0.9832608766468965
a7f4fbea66bbeb2d174d2b9adfd19492	d__Bacteria	0.999702367546059
030dcd7f9e296fdf6304ee5de70f87a7	d__Bacteria;p__Actinomycetota;c__Acidimicrobiia;o__Acidimicrobiales;f__Acidimicrobiaceae;g__Incertae_Sedis;s__uncultured_Acidimicrobiaceae	0.8794298152835723
284e3fc4d28d51b12e75ab938f8aa9c1	d__Bacteria;p__Actinomycetota;c__Acidimicrobiia;o__Acidimicrobiales;f__Acidimicrobiaceae;g__Incertae_Sedis	0.9999949263259038
77449dc9fa47736cd73158e7e073cb80	d__Bacteria;p__Patescibacteria;c__Saccharimonadia;o__Saccharimonadales;f__Incertae_Sedis;g__Incertae_Sedis;s__uncultured_bacterium	0.9827695565565481
397017addd17de9312f03ca216d3c869	d__Bacteria;p__Pseudomonadota;c__Alphaproteobacteria;o__Acetobacterales;f__Acetobacteraceae;g__Incertae_Sedis;s__uncultured_bacterium	0.8828495616362873
97a596b838c56409b431f6a6f312ac7f	d__Bacteria;p__Actinomycetota;c__Thermoleophilia;o__Solirubrobacterales;f__Solirubrobacteraceae;g__Conexibacter;s__uncultured_Conexibacteraceae	0.7108265484039894
02e5aaa1619baeaa347b40f2fc711bbc	d__Bacteria;p__Actinomycetota;c__Thermoleophilia;o__Solirubrobacterales;f__Solirubrobacteraceae;g__Conexibacter	0.9364451285624352
c59a7520f1b4c79cabe380312b423962	d__Bacteria;p__Actinomycetota;c__Thermoleophilia;o__Solirubrobacterales;f__Solirubrobacteraceae;g__Conexibacter	0.9911285218954033
6973b199c423e48a469fc0551cd4f25d	d__Bacteria;p__Pseudomonadota;c__Alphaproteobacteria;o__Acetobacterales;f__Acetobacteraceae;g__Incertae_Sedis;s__uncultured_bacterium	0.7296518958792488
0dfe8c454f82fa8a8a8a8f61169ca134	d__Bacteria;p__Actinomycetota;c__Acidimicrobiia;o__Acidimicrobiales;f__Acidimicrobiaceae;g__Acidiferrimicrobium;s__bacterium_enrichment	0.9746038502462816
005429270644a824c6679a3f358b73e5	d__Bacteria;p__Actinomycetota;c__Actinobacteria;o__Frankiales;f__Acidothermaceae;g__Acidothermus;s__uncultured_actinobacterium	0.8284824329091992
1372648dac70ee3995409b16d94bca9e	d__Bacteria;p__Actinomycetota;c__Actinobacteria;o__Mycobacteriales;f__Mycobacteriaceae;g__Mycobacterium;s__Mycobacterium_heidelbergense	0.9968640385929984
b5373c62a8c213a5c6f7d937cebd750c	d__Bacteria;p__Pseudomonadota;c__Alphaproteobacteria;o__Rickettsiales;f__Mitochondria;g__Incertae_Sedis;s__Rhynchosporium_secalis	0.9841015364410319
f5e88eeac3dcdd0017c2311cfb977093	d__Bacteria;p__Pseudomonadota;c__Gammaproteobacteria;o__Gammaproteobacteria_Incertae_Sedis;f__Unknown_Family;g__Acidibacter;s__Acidibacter_ferrireducens	0.9046495404092589
e1457c2db9c7cdc4c66ce19fc943d001	d__Bacteria;p__Actinomycetota;c__Thermoleophilia;o__Solirubrobacterales;f__Solirubrobacteraceae;g__Conexibacter;s__uncultured_Conexibacteraceae	0.7700052360408276
83a4b79c3438be918177c6754d691b1a	d__Bacteria;p__Pseudomonadota;c__Gammaproteobacteria;o__Gammaproteobacteria_Incertae_Sedis;f__Unknown_Family;g__Acidibacter;s__Acidibacter_ferrireducens	0.8983966919136488
7396bbe341618c867e86ab651754a48c	d__Bacteria;p__Actinomycetota;c__Thermoleophilia;o__Solirubrobacterales;f__Solirubrobacteraceae;g__Conexibacter;s__uncultured_Conexibacteraceae	0.782327628848576
9c01aed61d82c60a46b5c7b82f41e518	d__Bacteria;p__Pseudomonadota;c__Alphaproteobacteria;o__Rickettsiales;f__Mitochondria;g__Incertae_Sedis	0.8283082431231175
fccb697543e6918a16d3ea0536d59f7a	d__Bacteria;p__Chlamydiota;c__Chlamydiia;o__Chlamydiales;f__cvE6;g__Incertae_Sedis;s__metagenome	0.9914476597096491
ed1a8f2b5d80452a04f64c57ea35bfa0	d__Bacteria;p__Actinomycetota;c__Actinobacteria;o__Mycobacteriales;f__Mycobacteriaceae;g__Mycobacterium;s__Mycobacterium_heidelbergense	0.9967916522570396
f4abdec1938c9707c884699eebba2d51	d__Bacteria;p__Pseudomonadota;c__Alphaproteobacteria;o__Rickettsiales;f__Mitochondria;g__Incertae_Sedis;s__Rhynchosporium_secalis	0.9842171412724406
4cf015714da7ceea582b2c708bcd9f01	d__Bacteria;p__Actinomycetota;c__Actinobacteria;o__Frankiales;f__Acidothermaceae;g__Acidothermus;s__uncultured_actinobacterium	0.810747548692767
42a7255deb93e118004496f043d47456	d__Bacteria;p__Actinomycetota;c__Thermoleophilia;o__Solirubrobacterales;f__Solirubrobacteraceae;g__Conexibacter;s__uncultured_Conexibacteraceae	0.7437507325626983
1780c9f12f30bbef64ac112dafa67dee	d__Bacteria;p__Pseudomonadota;c__Gammaproteobacteria;o__Gammaproteobacteria_Incertae_Sedis;f__Unknown_Family;g__Acidibacter;s__Acidibacter_ferrireducens	0.9044916649908272
d3ce0a32ce722dc6a818ce5508cbf343	d__Bacteria;p__Pseudomonadota;c__Alphaproteobacteria;o__Acetobacterales;f__Acetobacteraceae;g__Acidocella	0.9999584069150177
47917cb1f28bf8b7a76a8d24b9a1d01d	d__Bacteria;p__Actinomycetota;c__Actinobacteria;o__Mycobacteriales;f__Mycobacteriaceae;g__Mycobacterium;s__Mycobacterium_heidelbergense	0.9968450510335918
2bfd9ab9e352a706d4042f5aa38ae02c	d__Bacteria;p__Actinomycetota;c__Actinobacteria;o__Frankiales;f__Acidothermaceae;g__Acidothermus;s__uncultured_actinobacterium	0.915696588608883
c6e3e2d0284632183169047a98570c50	d__Bacteria;p__Actinomycetota;c__Acidimicrobiia;o__Acidimicrobiales;f__Acidimicrobiaceae;g__Acidiferrimicrobium	0.8053127788609917
0b11619567acbfda745ba08c6c87ffb0	d__Bacteria;p__Dependentiae;c__Babeliae;o__Babeliales;f__Babeliaceae;g__Incertae_Sedis;s__uncultured_Candidatus	0.8016349134591664
c087be4884841cb8ddea980ccfffce19	d__Bacteria;p__Actinomycetota;c__Actinobacteria;o__Mycobacteriales;f__Mycobacteriaceae;g__Mycobacterium;s__Mycobacterium_heidelbergense	0.9968353304467221
ece27f7cd0ceb3741bc2c94bacc7b1da	d__Bacteria;p__Actinomycetota;c__Actinobacteria;o__Mycobacteriales;f__Mycobacteriaceae;g__Mycobacterium;s__Mycobacterium_heidelbergense	0.9968720530585347
c77007dad56eef82a850bebfe7250992	d__Bacteria;p__Candidatus_Eremiobacterota;c__Eremiobacteria;o__Incertae_Sedis;f__Incertae_Sedis;g__Incertae_Sedis;s__uncultured_Firmicutes	0.8283714085908503
b8e737c39864f50193821e2fe497427b	d__Bacteria;p__Actinomycetota;c__Thermoleophilia;o__Solirubrobacterales;f__Solirubrobacteraceae;g__Conexibacter;s__uncultured_Conexibacteraceae	0.7376029254117977
f8ceabade55aadb4a6d8d2f0b6d9b598	d__Bacteria;p__Pseudomonadota;c__Gammaproteobacteria;o__Gammaproteobacteria_Incertae_Sedis;f__Unknown_Family;g__Acidibacter;s__Acidibacter_ferrireducens	0.8962683025433484
be8cf02994a9923e8dfbb2b3fe3ae313	d__Bacteria;p__Pseudomonadota	0.7076137736451912
e9c7692b00f1b8f8903ae4350d0e844f	d__Bacteria;p__Patescibacteria;c__Saccharimonadia;o__Saccharimonadales;f__Incertae_Sedis;g__Incertae_Sedis;s__uncultured_bacterium	0.9476127861572304
7a924ce0e1c5572032bdc7a790e16e86	d__Bacteria;p__Actinomycetota;c__Actinobacteria;o__Mycobacteriales;f__Mycobacteriaceae;g__Mycobacterium;s__Mycobacterium_heidelbergense	0.9968745107600968
a43728d4a067485df278e759d23f2d79	d__Bacteria;p__Actinomycetota;c__Thermoleophilia;o__Solirubrobacterales;f__Solirubrobacteraceae;g__Conexibacter;s__uncultured_Actinomycetales	0.9139111235198945
3fa65cec91f2be01deab3126a9171853	d__Bacteria;p__Actinomycetota;c__Thermoleophilia;o__Solirubrobacterales;f__Solirubrobacteraceae;g__Conexibacter	0.8782425335560502
000beffb6f8ce4c51854080393cc1643	d__Bacteria;p__Actinomycetota;c__Thermoleophilia;o__Solirubrobacterales;f__Solirubrobacteraceae;g__Conexibacter	0.9922278176865476
0790a566a66dc0c1eebf4072899326d8	d__Bacteria;p__Pseudomonadota;c__Gammaproteobacteria;o__Gammaproteobacteria_Incertae_Sedis;f__Unknown_Family;g__Acidibacter;s__Acidibacter_ferrireducens	0.9011859788604268
2ecfd34ce516228eba8d8e3a8646c8bf	d__Bacteria;p__Pseudomonadota;c__Gammaproteobacteria;o__Gammaproteobacteria_Incertae_Sedis;f__Unknown_Family;g__Acidibacter;s__Acidibacter_ferrireducens	0.8847412863754283
357fa4739405d649f44d97a26003bd42	d__Bacteria;p__Pseudomonadota;c__Gammaproteobacteria;o__Gammaproteobacteria_Incertae_Sedis;f__Unknown_Family;g__Acidibacter;s__Acidibacter_ferrireducens	0.8992031248809771
22970a80993a248ef7caef08ceff1f63	d__Bacteria;p__Bdellovibrionota;c__Bdellovibrionia;o__Bdellovibrionales;f__Pseudobdellovibrionaceae;g__Incertae_Sedis;s__uncultured_bacterium	0.9421509983534797
31a4d07966f927777a3c73e4b2f8c90a	d__Bacteria;p__Actinomycetota;c__Actinobacteria;o__Frankiales;f__Acidothermaceae;g__Acidothermus;s__uncultured_actinobacterium	0.795158521588069
68cf05fc31433672e33932a4265fa747	d__Bacteria;p__Pseudomonadota;c__Alphaproteobacteria;o__Hyphomicrobiales;f__Beijerinckiaceae;g__Methylovirgula;s__uncultured_bacterium	0.88734523689068
d5bc6c63bce1011a074cc1e4fa3dd954	d__Bacteria;p__Pseudomonadota;c__Alphaproteobacteria;o__Rickettsiales;f__Mitochondria;g__Incertae_Sedis;s__Rhynchosporium_secalis	0.9840960394094563
da2c36a6066d0b4d67ccdfb2ac8568d3	d__Bacteria;p__Actinomycetota;c__Actinobacteria;o__Mycobacteriales;f__Mycobacteriaceae;g__Mycobacterium;s__Mycobacterium_heidelbergense	0.9967956404623523
f068f19d5e9fd8ca4b25fdaefdc55e8e	d__Bacteria;p__Chlamydiota;c__Chlamydiia;o__Chlamydiales;f__cvE6;g__Incertae_Sedis	0.9999984433439844
f6dc4f7ea3f27ef258c9055dda5088f6	d__Bacteria;p__Actinomycetota;c__Thermoleophilia;o__Solirubrobacterales;f__Solirubrobacteraceae;g__Conexibacter	0.9840817056474146
0087f1bccc2e456c3bd205cca83e9771	d__Bacteria;p__Actinomycetota;c__Thermoleophilia;o__Solirubrobacterales;f__Solirubrobacteraceae;g__Conexibacter;s__uncultured_Conexibacteraceae	0.7301137027492903
0b7c26ed225a1faadabbf8de38ea3bbc	d__Bacteria;p__Pseudomonadota;c__Alphaproteobacteria;o__Rickettsiales;f__Mitochondria;g__Incertae_Sedis	0.9999999999892454
5e6a5b130d4fc349cc17cc90bdceba70	d__Bacteria;p__Pseudomonadota;c__Gammaproteobacteria;o__Gammaproteobacteria_Incertae_Sedis;f__Unknown_Family;g__Acidibacter;s__Acidibacter_ferrireducens	0.8857790097593056
bfbd1df5254c43281b5e4960463df50c	d__Bacteria;p__Pseudomonadota;c__Alphaproteobacteria;o__Acetobacterales;f__Acetobacteraceae;g__Incertae_Sedis;s__uncultured_bacterium	0.746747796114626
3134a8b38e31ae95785fb03c743fa2d0	d__Bacteria;p__Actinomycetota;c__Actinobacteria;o__Frankiales;f__Acidothermaceae;g__Acidothermus;s__uncultured_actinobacterium	0.8756478025226259
fda88bad67c33bbe943964eb8994481d	d__Bacteria;p__Pseudomonadota;c__Gammaproteobacteria;o__Gammaproteobacteria_Incertae_Sedis;f__Unknown_Family;g__Acidibacter;s__Acidibacter_ferrireducens	0.9036650887848775
b296acd090dded09bdae3b57b25f41d2	d__Bacteria;p__Pseudomonadota;c__Gammaproteobacteria;o__Gammaproteobacteria_Incertae_Sedis;f__Unknown_Family;g__Acidibacter;s__Acidibacter_ferrireducens	0.8994504843169375
661298938bcd430bf13e4908c78c6b17	d__Bacteria;p__Actinomycetota;c__Thermoleophilia;o__Solirubrobacterales;f__Solirubrobacteraceae;g__Conexibacter	0.9834629885228473
bfb2d9a3abd44b38003a7247c5a2ea29	d__Bacteria;p__Pseudomonadota;c__Gammaproteobacteria;o__Gammaproteobacteria_Incertae_Sedis;f__Unknown_Family;g__Acidibacter;s__Acidibacter_ferrireducens	0.9286774603263502
eab01aaee3019ec6bae473ad12f481da	d__Bacteria;p__Actinomycetota;c__Actinobacteria;o__Mycobacteriales;f__Mycobacteriaceae;g__Mycobacterium;s__Mycobacterium_heidelbergense	0.996557903803143
5eaf0cf7d5278157ec6d4607d3355511	d__Bacteria	0.9993625857671445
e26b4d04926539cd3ef60cea6d20e923	d__Bacteria;p__Actinomycetota;c__Thermoleophilia;o__Solirubrobacterales;f__Solirubrobacteraceae;g__Conexibacter	0.9924028628987357
5adfa5ec4e5660016004bfe320f9e2e5	d__Bacteria;p__Actinomycetota;c__Actinobacteria;o__Mycobacteriales;f__Mycobacteriaceae;g__Mycobacterium;s__Mycobacterium_heidelbergense	0.9968401012609956
69593c7bdb9b36a366eae5ea675f8d9d	d__Bacteria;p__Pseudomonadota;c__Alphaproteobacteria;o__Hyphomicrobiales;f__Beijerinckiaceae;g__Methylovirgula;s__uncultured_bacterium	0.8872963218442285
2f281cf1bdb481fc9f05fdc5e1d38a2d	d__Bacteria;p__Actinomycetota;c__Actinobacteria;o__Frankiales;f__Acidothermaceae;g__Acidothermus;s__uncultured_actinobacterium	0.7960701576647152
f141c51816f16b9c927b08e388a367e5	d__Bacteria;p__Dependentiae;c__Babeliae;o__Babeliales;f__Vermiphilaceae;g__Incertae_Sedis;s__uncultured_bacterium	0.7690892050752773
c9385f009f56764ac354e35794e28a1d	d__Bacteria;p__Pseudomonadota;c__Alphaproteobacteria;o__Acetobacterales;f__Acetobacteraceae;g__Acidisoma;s__Acidisoma_sp.	0.9311191440840976
5359e35142d52d9be4fee45375fcaf7f	d__Bacteria;p__Pseudomonadota;c__Gammaproteobacteria;o__Gammaproteobacteria_Incertae_Sedis;f__Unknown_Family;g__Acidibacter;s__Acidibacter_ferrireducens	0.8845533315018366
9d42aff8de125c93188ba40b7850baf9	d__Bacteria;p__Actinomycetota;c__Thermoleophilia;o__Solirubrobacterales;f__Solirubrobacteraceae;g__Conexibacter;s__uncultured_Conexibacteraceae	0.7762554561251626
8dfbcc479f8e4966dc1bc0e5d36929da	d__Bacteria;p__Actinomycetota;c__Thermoleophilia;o__Solirubrobacterales;f__Solirubrobacteraceae;g__Conexibacter;s__uncultured_Conexibacteraceae	0.7279345147050027
00167c59a3742a808ba0fae266f29481	d__Bacteria;p__Pseudomonadota;c__Gammaproteobacteria;o__Gammaproteobacteria_Incertae_Sedis;f__Unknown_Family;g__Acidibacter;s__Acidibacter_ferrireducens	0.8955612025162489
4ebce799a0bd137ab5347039a3a2893c	d__Bacteria;p__Actinomycetota;c__Actinobacteria;o__Mycobacteriales;f__Mycobacteriaceae;g__Mycobacterium;s__Mycobacterium_heidelbergense	0.9967993309808794
dfbd53050f4d270b206d17e90ff7eaa1	d__Bacteria;p__Actinomycetota;c__Actinobacteria;o__Mycobacteriales;f__Mycobacteriaceae;g__Mycobacterium;s__Mycobacterium_heidelbergense	0.9968683231064832
28ea02e2c2900e15ba429c9262e34b06	d__Bacteria;p__Actinomycetota;c__Actinobacteria;o__Mycobacteriales;f__Mycobacteriaceae;g__Mycobacterium;s__Mycobacterium_heidelbergense	0.9968581482003432
7af671bbd10f15e890bf72958de3649a	d__Bacteria;p__Dependentiae;c__Babeliae;o__Babeliales;f__Babeliaceae;g__Incertae_Sedis	0.767110868439157
6d1c3293dd27012872a553ae2b57ffe4	d__Bacteria;p__Pseudomonadota;c__Alphaproteobacteria;o__Hyphomicrobiales;f__Beijerinckiaceae;g__Methylovirgula;s__uncultured_bacterium	0.971214107550614
098c756b368a40ac0bc4cdd3a0ecb982	d__Bacteria;p__Pseudomonadota;c__Gammaproteobacteria;o__Rickettsiellales;f__Rickettsiellaceae;g__Aquicella	0.9999830823287754
55082434a3c5bdea1ad62af0591b41ef	d__Bacteria;p__Actinomycetota;c__Thermoleophilia;o__Solirubrobacterales;f__Solirubrobacteraceae;g__Conexibacter;s__uncultured_Conexibacteraceae	0.715667872971312
e07744995a88ccda997d272d89cfbf20	d__Bacteria;p__Actinomycetota;c__Thermoleophilia;o__Solirubrobacterales;f__Solirubrobacteraceae;g__Conexibacter;s__uncultured_bacterium	0.9717700265285757
af0a7f9b5d23db3593578d6db52a0b5f	d__Bacteria;p__Dependentiae;c__Babeliae;o__Babeliales;f__Vermiphilaceae;g__Incertae_Sedis;s__uncultured_bacterium	0.9340656841068072
9a12cf70067038b9af3195f74078b164	d__Bacteria;p__Actinomycetota;c__Actinobacteria;o__Frankiales;f__Acidothermaceae;g__Acidothermus;s__uncultured_actinobacterium	0.8340092097062473
e46da50cef15f9981643a6001b0955bb	d__Bacteria;p__Actinomycetota;c__Actinobacteria;o__Frankiales;f__Acidothermaceae;g__Acidothermus;s__uncultured_actinobacterium	0.8054392188181713
ba09f916df26ad1488e2d4a8dfc270fd	d__Bacteria;p__Actinomycetota;c__Actinobacteria;o__Frankiales;f__Acidothermaceae;g__Acidothermus;s__uncultured_actinobacterium	0.7704565634578152
0bdf90c0673da6b1cb2f5fccd3bdb075	d__Bacteria;p__Actinomycetota;c__Actinobacteria;o__Mycobacteriales;f__Mycobacteriaceae;g__Mycobacterium;s__Mycobacterium_heidelbergense	0.9968366626599289
b3ecfe7e43b9c657645540b31bb96455	d__Bacteria;p__Actinomycetota;c__Thermoleophilia;o__Solirubrobacterales;f__Solirubrobacteraceae;g__Conexibacter;s__uncultured_bacterium	0.9725533130857267
2694ca873667f6b4c4fd4ca2cb4ee377	d__Bacteria;p__Pseudomonadota;c__Alphaproteobacteria;o__Acetobacterales;f__Acetobacteraceae	0.9999998668165561
663ebf76fd25b9d4a7e8f4b2112008c5	d__Bacteria;p__Acidobacteriota;c__Acidobacteriae;o__Terriglobales;f__Acidobacteriaceae_(Subgroup_1);g__Acidobacterium;s__uncultured_bacterium	0.7923235689755301
c1112ba20f391086e3869a77ac2a5243	d__Bacteria;p__Patescibacteria;c__Saccharimonadia;o__Saccharimonadales;f__Incertae_Sedis;g__Incertae_Sedis;s__uncultured_bacterium	0.9227775086924047
2f3cdcdb62014d40a03f80964b4411e2	d__Bacteria;p__Pseudomonadota;c__Alphaproteobacteria;o__Rickettsiales;f__Mitochondria;g__Incertae_Sedis;s__Rhynchosporium_secalis	0.9842135415756829
ead180fc1d9034731de98e79d247f37b	d__Bacteria;p__Pseudomonadota;c__Alphaproteobacteria;o__Hyphomicrobiales;f__Beijerinckiaceae;g__Methylovirgula;s__uncultured_bacterium	0.9761141376048524
8e4c52a1e850f051d81f87de206fe1f6	d__Bacteria;p__Pseudomonadota;c__Alphaproteobacteria;o__Acetobacterales;f__Acetobacteraceae;g__Acidisoma;s__Acidisoma_sp.	0.7895209568453702
dc8f19ea3d28d978cfaaf469e9d9abf6	d__Bacteria;p__Actinomycetota;c__Thermoleophilia;o__Solirubrobacterales;f__Solirubrobacteraceae;g__Conexibacter	0.991084514282668
cf46e99deb9d2079d8296d081a216cac	d__Bacteria;p__Actinomycetota;c__Thermoleophilia;o__Solirubrobacterales;f__Solirubrobacteraceae;g__Conexibacter	0.9254904677170797
6360f7c565b27e2a0965874348106b6e	d__Bacteria;p__Pseudomonadota;c__Gammaproteobacteria;o__Gammaproteobacteria_Incertae_Sedis;f__Unknown_Family;g__Acidibacter;s__Acidibacter_ferrireducens	0.8863414007782626
1e823a05ac55affe0fa17a7b883d9ea6	d__Bacteria;p__Actinomycetota;c__Thermoleophilia;o__Solirubrobacterales;f__Solirubrobacteraceae;g__Conexibacter;s__uncultured_bacterium	0.9410060985442646
152bc77c81f15da67b8f6c3b12653c81	d__Bacteria;p__Actinomycetota;c__Thermoleophilia;o__Solirubrobacterales;f__Solirubrobacteraceae;g__Conexibacter;s__uncultured_bacterium	0.9782660094763858
8661dce7a87e79d6251fd9c57dcb6968	d__Bacteria;p__Actinomycetota;c__Thermoleophilia;o__Solirubrobacterales;f__Solirubrobacteraceae;g__Conexibacter;s__uncultured_bacterium	0.934275172508333
b30c537e7c31fe1e2863333c8418705d	d__Bacteria;p__Actinomycetota;c__Thermoleophilia;o__Solirubrobacterales;f__Solirubrobacteraceae;g__Conexibacter;s__uncultured_bacterium	0.9555774057140821
65f4a0798b5d4492422d434fbc2b9077	d__Bacteria;p__Pseudomonadota;c__Alphaproteobacteria;o__Rickettsiales;f__Mitochondria;g__Incertae_Sedis	0.9999999999889657
8e49f0202bb30980dae0a80225c401f2	d__Bacteria;p__Pseudomonadota;c__Alphaproteobacteria;o__Rickettsiales;f__Mitochondria;g__Incertae_Sedis	0.8349119282920564
08f90d393937b623aee0fe935f5612a0	d__Bacteria;p__Pseudomonadota;c__Alphaproteobacteria;o__Rickettsiales;f__Mitochondria;g__Incertae_Sedis;s__Rhynchosporium_secalis	0.9841098149981803
d7ca835cca93eb448be8cfb93b7df12b	d__Bacteria;p__Pseudomonadota;c__Alphaproteobacteria;o__Rickettsiales;f__Mitochondria;g__Incertae_Sedis;s__Rhynchosporium_secalis	0.9842179666520391
266439713ce93ccb2ac541390b1ca9eb	d__Bacteria;p__Actinomycetota;c__Thermoleophilia;o__Solirubrobacterales;f__Solirubrobacteraceae;g__Conexibacter	0.8300467566961298
fcf7c22ebfc99db423fe6739d9ddbb2b	d__Bacteria;p__Actinomycetota;c__Acidimicrobiia;o__Acidimicrobiales;f__Acidimicrobiaceae	0.9997436272507326
081f490dfa3404d786d339beecb6ca1e	d__Bacteria;p__Actinomycetota;c__Actinobacteria;o__Mycobacteriales;f__Mycobacteriaceae;g__Mycobacterium;s__Mycobacterium_heidelbergense	0.9968396796087401
0d5570f7741472287b520c73849810c8	d__Bacteria;p__Actinomycetota;c__Thermoleophilia;o__Solirubrobacterales;f__Solirubrobacteraceae;g__Conexibacter	0.931338040348907
1b5a5e260047a8740760639836f0a165	d__Bacteria;p__Actinomycetota;c__Thermoleophilia;o__Solirubrobacterales;f__Solirubrobacteraceae;g__Conexibacter;s__uncultured_bacterium	0.9695113725908298
e34d0ef142bf0c18392603b83c1cc846	d__Bacteria;p__Acidobacteriota;c__Acidobacteriae;o__Terriglobales;f__Acidobacteriaceae_(Subgroup_1);g__Acidobacterium;s__uncultured_bacterium	0.7519378252228233
2475478ec94f49d413386d20e9b69979	d__Bacteria;p__Pseudomonadota;c__Alphaproteobacteria;o__Hyphomicrobiales;f__Beijerinckiaceae;g__Roseiarcus;s__uncultured_bacterium	0.9592552239074633
8ce3d0d9d9dcaf7207d98385b89819ce	d__Bacteria;p__Actinomycetota;c__Actinobacteria;o__Frankiales;f__Acidothermaceae;g__Acidothermus;s__uncultured_actinobacterium	0.9073115951372316
47a1e88283b7c31700d36de964936764	d__Bacteria;p__Actinomycetota;c__Acidimicrobiia;o__Acidimicrobiales;f__Acidimicrobiaceae;g__Incertae_Sedis	0.7567756253949528
7c8618426f78e2beb4992e06f10d94f3	d__Bacteria;p__Actinomycetota;c__Actinobacteria;o__Frankiales;f__Acidothermaceae;g__Acidothermus;s__uncultured_actinobacterium	0.8186543838750139
ad29aca356077a545af9cc05acb394d2	d__Bacteria;p__Actinomycetota;c__Actinobacteria;o__Frankiales;f__Acidothermaceae;g__Acidothermus;s__uncultured_actinobacterium	0.8279588326811088
6596d4ccf8872903e091c5c5eed19e86	d__Bacteria;p__Actinomycetota;c__Thermoleophilia;o__Solirubrobacterales;f__Solirubrobacteraceae;g__Conexibacter	0.7615214832378085
3198c738c044202be9852b2b09c7aa5e	d__Bacteria;p__Pseudomonadota;c__Alphaproteobacteria;o__Rickettsiales;f__Mitochondria;g__Incertae_Sedis	0.8690448980796303
c1fa47db95e961b0253af90328bafe41	d__Bacteria;p__Pseudomonadota;c__Alphaproteobacteria;o__Acetobacterales;f__Acetobacteraceae	0.9999998540625195
7798690c2954a951ea6bb7a914e80b2c	d__Bacteria;p__Pseudomonadota;c__Alphaproteobacteria;o__Rickettsiales;f__Mitochondria;g__Incertae_Sedis	0.856462263548886
baacfc6b10a63e590c8ce403a04dcc65	d__Bacteria;p__Acidobacteriota;c__Blastocatellia;o__Pyrinomonadales;f__Pyrinomonadaceae;g__Pyrinomonas;s__Pyrinomonas_methylaliphatogenes	0.9399547459370992
3d37f7e365bd8e6ce1497ebcf9cae311	d__Bacteria;p__Actinomycetota;c__Actinobacteria;o__Mycobacteriales;f__Mycobacteriaceae;g__Mycobacterium;s__Mycobacterium_heidelbergense	0.9966736973661522
2346b50f7c3ed4ea0be5f307f23022f7	d__Bacteria;p__Patescibacteria;c__Saccharimonadia;o__Saccharimonadales;f__Incertae_Sedis;g__Incertae_Sedis;s__uncultured_bacterium	0.992021863532613
4fe551d605b2c76eb8b5de5c350c5234	d__Bacteria;p__Dependentiae;c__Babeliae;o__Babeliales;f__Vermiphilaceae;g__Incertae_Sedis;s__uncultured_bacterium	0.7558297213229238
89fccf7f937f363f776ee68648675437	d__Bacteria;p__Actinomycetota;c__Actinobacteria;o__Mycobacteriales;f__Mycobacteriaceae;g__Mycobacterium;s__Mycobacterium_heidelbergense	0.9967558211067649
1904385424345e9d078fcefd4ad1581c	d__Bacteria;p__Actinomycetota;c__Actinobacteria;o__Mycobacteriales;f__Mycobacteriaceae;g__Mycobacterium;s__Mycobacterium_heidelbergense	0.9967156608981355
e5423517554145ac081fac383502ab72	d__Bacteria;p__Bacillota;c__Negativicutes;o__Veillonellales-Selenomonadales;f__Sporomusaceae;g__Incertae_Sedis;s__uncultured_bacterium	0.921130037705759
50baeda7b6e1f8ddebfe6379d72f0be0	d__Bacteria;p__Pseudomonadota;c__Alphaproteobacteria;o__Rickettsiales;f__Mitochondria;g__Incertae_Sedis;s__Rhynchosporium_secalis	0.9799387328007659
3b7b1a4b158743a09ed1854999bf6242	d__Bacteria;p__Pseudomonadota;c__Gammaproteobacteria;o__Lysobacterales;f__Rhodanobacteraceae;g__Dyella	0.9418370233474092
ab9fab10d9e79bdfcce2fbbddd640711	d__Bacteria;p__Acidobacteriota;c__Acidobacteriae;o__Terriglobales;f__Acidobacteriaceae_(Subgroup_1);g__Acidobacterium;s__uncultured_bacterium	0.922042546349197
8aa27eadab01eddadef28151764b5507	d__Bacteria;p__Actinomycetota;c__Thermoleophilia;o__Solirubrobacterales;f__Solirubrobacteraceae;g__Conexibacter;s__uncultured_bacterium	0.7589224899258274
7f8162236ee64cba65eddd916e83caa7	d__Bacteria;p__Pseudomonadota;c__Gammaproteobacteria;o__Burkholderiales;f__Alcaligenaceae;g__Bordetella;s__uncultured_bacterium	0.9421982571374884
6338108ad1c8bf1601cf16a404bef1c0	d__Bacteria;p__Pseudomonadota;c__Gammaproteobacteria;o__Lysobacterales;f__Rhodanobacteraceae;g__Dyella	0.9620793458301331
11f394fdca342f3b2b53d49ee4a96e01	d__Bacteria;p__Acidobacteriota;c__Acidobacteriae;o__Terriglobales;f__Acidobacteriaceae_(Subgroup_1);g__Acidobacterium;s__uncultured_bacterium	0.7661030044681014
7a6a9571e48d2961f982fcbec83acf9c	d__Bacteria;p__Pseudomonadota;c__Gammaproteobacteria;o__Burkholderiales;f__Burkholderiaceae;g__Cupriavidus	0.9994270038094525
5cbf145d6fde820115bd9b21f5c9db55	d__Bacteria;p__Patescibacteria;c__Saccharimonadia;o__Saccharimonadales;f__Incertae_Sedis;g__Incertae_Sedis;s__uncultured_bacterium	0.9717623238552217
628245c8685f6e97b7cb53b0cfbb3a41	d__Bacteria;p__Patescibacteria;c__Saccharimonadia;o__Saccharimonadales;f__Incertae_Sedis;g__Incertae_Sedis;s__uncultured_bacterium	0.95807026246299
df7d0d77655efd2d5bf38f349b7e7a2f	d__Bacteria;p__Actinomycetota;c__Actinobacteria;o__Frankiales;f__Acidothermaceae;g__Acidothermus;s__uncultured_actinobacterium	0.8111807905208577
e551d1907a4d63168589ff8255ebe1e6	d__Bacteria;p__Pseudomonadota;c__Alphaproteobacteria;o__Rickettsiales;f__Mitochondria;g__Incertae_Sedis;s__Rhynchosporium_secalis	0.9799284794023779
fec474e1238e81cd2f3592a306ae4191	d__Bacteria;p__Dependentiae;c__Babeliae;o__Babeliales;f__Vermiphilaceae;g__Incertae_Sedis;s__uncultured_bacterium	0.8972338582038135
7b1f32b59e9b44633ef09ce58653db92	d__Bacteria;p__Cyanobacteriota;c__Cyanobacteriia;o__Chloroplast;f__Incertae_Sedis;g__Incertae_Sedis;s__Citrus_maxima	0.9813567892505256
93022ef10c0414c18ce90f3263ac5dee	d__Bacteria;p__Actinomycetota;c__Actinobacteria;o__Frankiales;f__Acidothermaceae;g__Acidothermus;s__uncultured_actinobacterium	0.8143347156061884
865168886b2f643f31f9c44f1038c416	d__Bacteria;p__Actinomycetota;c__Actinobacteria;o__Mycobacteriales;f__Mycobacteriaceae;g__Mycobacterium;s__Mycobacterium_heidelbergense	0.9966724691489076
8e025001ac3e2bb25d9acdcbc408e7d0	d__Bacteria;p__Acidobacteriota;c__Acidobacteriae;o__Terriglobales;f__Acidobacteriaceae_(Subgroup_1);g__Occallatibacter	0.9801648686576278
8c862fa7f2b1c225126a198401fbbd83	d__Bacteria;p__Planctomycetota;c__Planctomycetes;o__Isosphaerales;f__Isosphaeraceae;g__Aquisphaera;s__uncultured_planctomycete	0.7081117642980863
2085e13812f77fd9ced85461a801bf1f	d__Bacteria;p__Actinomycetota;c__Thermoleophilia;o__Solirubrobacterales;f__Solirubrobacteraceae;g__Conexibacter;s__uncultured_Conexibacteraceae	0.9188034737022632
c02f86809fd0ab5072a940efdecbd618	d__Bacteria	0.9998777549706327
7370ba72ff7c460fba386c267b9c69fd	d__Bacteria;p__Pseudomonadota;c__Alphaproteobacteria;o__Rickettsiales;f__Mitochondria;g__Incertae_Sedis;s__Rhynchosporium_secalis	0.9842031144671585
232219bdbcce84564a262570e8d2e0b6	d__Bacteria;p__Pseudomonadota;c__Alphaproteobacteria;o__Rickettsiales;f__Mitochondria;g__Incertae_Sedis;s__Rhynchosporium_secalis	0.984213524565003
81907aa47c42e9469f8277d48ae87055	d__Bacteria;p__Actinomycetota;c__Actinobacteria;o__Frankiales;f__Acidothermaceae;g__Acidothermus;s__uncultured_actinobacterium	0.816922056787091
3d1c26eac753ee982cdcf11bbf19fa19	d__Bacteria;p__Pseudomonadota;c__Alphaproteobacteria;o__Rickettsiales;f__Mitochondria;g__Incertae_Sedis	0.7838015752809682
52a665548561b9d9ea55c6bd7cb4631e	d__Bacteria;p__Actinomycetota;c__Actinobacteria;o__Frankiales;f__Acidothermaceae;g__Acidothermus;s__uncultured_actinobacterium	0.8120264249298045
0c958fb292bff6ba1dfd32cfdac5ddd8	d__Bacteria;p__Pseudomonadota;c__Alphaproteobacteria;o__Hyphomicrobiales;f__Beijerinckiaceae;g__Methylovirgula;s__uncultured_bacterium	0.8872904934039868
0cad05635579557d9123c93ec42d5404	d__Bacteria;p__Actinomycetota;c__Thermoleophilia;o__Solirubrobacterales;f__Solirubrobacteraceae;g__Conexibacter	0.968802862416536
929b0f864891e65e44d1d584b426f8f7	d__Bacteria;p__Actinomycetota;c__Thermoleophilia;o__Solirubrobacterales;f__Solirubrobacteraceae;g__Conexibacter	0.9814060480507337
944ab651c8b7f7a74fe197311b748e20	d__Bacteria;p__Actinomycetota;c__Actinobacteria;o__Mycobacteriales;f__Mycobacteriaceae;g__Mycobacterium;s__Mycobacterium_heidelbergense	0.9966793156993793
2800532617989897a57b9ce622c254e3	d__Bacteria;p__Actinomycetota;c__Actinobacteria;o__Frankiales;f__Acidothermaceae;g__Acidothermus;s__uncultured_actinobacterium	0.8053387880755778
e5f9602de15d13022fd408d1af4430be	d__Bacteria;p__Pseudomonadota;c__Alphaproteobacteria;o__Rickettsiales;f__Mitochondria;g__Incertae_Sedis;s__Rhynchosporium_secalis	0.987713255883399
a2191118c1cb8406dd37fe89ad37b939	d__Bacteria;p__Actinomycetota;c__Actinobacteria;o__Frankiales;f__Acidothermaceae;g__Acidothermus;s__uncultured_actinobacterium	0.8127248549386181
fd0c400156276e2ef9df93f6ddb88a9d	d__Bacteria;p__Actinomycetota;c__Thermoleophilia;o__Solirubrobacterales;f__Solirubrobacteraceae;g__Incertae_Sedis;s__soil_metagenome	0.9999246247817747
afda29a9c10dc73ca04712724f29cef9	d__Bacteria;p__Pseudomonadota;c__Alphaproteobacteria;o__Rickettsiales;f__Mitochondria;g__Incertae_Sedis;s__Rhynchosporium_secalis	0.9876131067696626
c92698708b37a82972598e3033c46ef8	d__Bacteria;p__Actinomycetota;c__Actinobacteria;o__Frankiales;f__Acidothermaceae;g__Acidothermus;s__uncultured_actinobacterium	0.776088839766807
3e3d4999da5d0ec360778b31df9f1b82	d__Bacteria;p__Pseudomonadota;c__Gammaproteobacteria;o__Rickettsiellales;f__Rickettsiellaceae;g__Incertae_Sedis	0.9999994973755241
8a9eb75aa2e1d36d4649302a1b0a43a7	d__Bacteria;p__Acidobacteriota;c__Acidobacteriae;o__Terriglobales;f__Acidobacteriaceae_(Subgroup_1);g__Incertae_Sedis	0.7515454233765625
733246fd2811632445af6cb5168ded7d	d__Bacteria;p__Actinomycetota;c__Actinobacteria;o__Mycobacteriales;f__Mycobacteriaceae;g__Mycobacterium;s__Mycobacterium_heidelbergense	0.9968684692235638
7810aa4ece664d35eea1957b380b5e58	d__Bacteria;p__Actinomycetota;c__Thermoleophilia;o__Solirubrobacterales;f__Solirubrobacteraceae;g__Conexibacter	0.9660653650601588
c7fc22931267f408d82fe113a2f35686	d__Bacteria;p__Actinomycetota;c__Actinobacteria;o__Frankiales;f__Acidothermaceae;g__Acidothermus;s__uncultured_actinobacterium	0.79796609897211
0bc84d8b7103a40cd677e9f6034efd75	d__Bacteria;p__Acidobacteriota;c__Acidobacteriae;o__Terriglobales;f__Acidobacteriaceae_(Subgroup_1);g__Incertae_Sedis;s__uncultured_Acidobacterium	0.9854833138856899
09b7f485ce00fd70c338f1e9cc22de72	d__Bacteria;p__Actinomycetota;c__Acidimicrobiia;o__Acidimicrobiales;f__Acidimicrobiaceae;g__Acidiferrimicrobium	0.8372815866675873
3734dae0190c8b467bbee24a074657d5	d__Bacteria;p__Acidobacteriota;c__Acidobacteriae;o__Terriglobales;f__Acidobacteriaceae_(Subgroup_1);g__Acidobacterium;s__uncultured_bacterium	0.9272646145901385
1e3dedf5c7c02bdb49337c174b79b3c0	d__Bacteria;p__Actinomycetota;c__Thermoleophilia;o__Solirubrobacterales;f__Solirubrobacteraceae;g__Conexibacter;s__uncultured_Conexibacteraceae	0.9281511126756787
eef4b985255d24bb1e908b4a745da46a	d__Bacteria;p__Acidobacteriota;c__Acidobacteriae;o__Terriglobales;f__Acidobacteriaceae_(Subgroup_1);g__Granulicella;s__uncultured_eubacterium	0.9460239951404219
2732e4eff59c739f35391b9aa753522e	d__Bacteria;p__Pseudomonadota;c__Alphaproteobacteria;o__Rickettsiales;f__Mitochondria;g__Incertae_Sedis	0.8614197138684738
752793efe0efa28109ef4ab58c5e1d7a	d__Bacteria;p__Actinomycetota;c__Thermoleophilia;o__Solirubrobacterales;f__Solirubrobacteraceae;g__Conexibacter;s__uncultured_bacterium	0.9590112536083797
7bc79cb1a20d22a3267be3c0fdb59a49	d__Bacteria;p__Actinomycetota;c__Thermoleophilia;o__Solirubrobacterales;f__Solirubrobacteraceae;g__Conexibacter	0.7616082373255185
f6ba1ab93522e83796a8381d15eb1b0a	d__Bacteria;p__Acidobacteriota;c__Acidobacteriae;o__Terriglobales;f__Acidobacteriaceae_(Subgroup_1);g__Acidobacterium;s__uncultured_bacterium	0.8055252690186397
89ec5b68252955ed1f985f40c81410ae	d__Bacteria;p__Acidobacteriota;c__Acidobacteriae;o__Terriglobales;f__Acidobacteriaceae_(Subgroup_1);g__Acidobacterium;s__uncultured_bacterium	0.8050351266159835
521c8b5660c59427656073b860a6d9fb	d__Bacteria;p__Actinomycetota;c__Acidimicrobiia;o__Acidimicrobiales;f__Acidimicrobiaceae;g__Acidiferrimicrobium;s__Aciditerrimonas_sp.	0.7436625627269848
38138c5115340fc7dd645f16aec352f7	d__Bacteria;p__Actinomycetota;c__Actinobacteria;o__Frankiales;f__Acidothermaceae;g__Acidothermus;s__uncultured_Thermomonosporaceae	0.9673640981785546
d522fc38b049b15f02cf6d6dd2206a3b	d__Bacteria;p__Bacillota;c__Negativicutes;o__Veillonellales-Selenomonadales;f__Sporomusaceae;g__Incertae_Sedis;s__uncultured_bacterium	0.7981795489567215
b3a09a4a39ce21fc7e3a258c865f878c	d__Bacteria;p__Actinomycetota;c__Actinobacteria;o__Frankiales;f__Acidothermaceae;g__Acidothermus;s__uncultured_actinobacterium	0.811938270119128
77d8df18d01030044427aea760c52981	d__Bacteria;p__Actinomycetota;c__Thermoleophilia;o__Solirubrobacterales;f__Solirubrobacteraceae;g__Conexibacter;s__uncultured_bacterium	0.8064373907501364
75a47721dd05c0fa5cbbc76b369b23d5	d__Bacteria;p__Actinomycetota;c__Acidimicrobiia;o__Acidimicrobiales;f__Acidimicrobiaceae;g__Acidiferrimicrobium	0.8128479610877541
714e4eceba7f37b3f0be0e84c8019c09	d__Bacteria;p__Actinomycetota;c__Actinobacteria;o__Frankiales;f__Acidothermaceae;g__Acidothermus;s__uncultured_Thermomonosporaceae	0.9710670132461604
d662494b53bde82b2b6b7d4ae7e6fa4f	d__Bacteria;p__Actinomycetota;c__Actinobacteria;o__Frankiales;f__Acidothermaceae;g__Acidothermus;s__uncultured_actinobacterium	0.7937719882860196
a4fea1dfa60801f287fb5710b15b9063	d__Bacteria;p__Actinomycetota;c__Thermoleophilia;o__Solirubrobacterales;f__Solirubrobacteraceae;g__Conexibacter	0.9796098412975267
dfd7a0d451e1839bd1f66b774722edd6	d__Bacteria;p__Actinomycetota;c__Acidimicrobiia;o__Acidimicrobiales;f__Acidimicrobiaceae;g__Acidiferrimicrobium;s__Aciditerrimonas_sp.	0.7892850247588745
ec71dde9e3ce9c48e1b0ca002c9e6b08	d__Bacteria;p__Actinomycetota;c__Acidimicrobiia;o__Acidimicrobiales;f__Acidimicrobiaceae;g__Acidiferrimicrobium	0.8088938870370919
1a7e9c51ec8a94fb336638999d961434	d__Bacteria;p__Actinomycetota;c__Thermoleophilia;o__Solirubrobacterales;f__Solirubrobacteraceae;g__Conexibacter;s__uncultured_bacterium	0.9598749713431075
6734f03e0f3a49e50e949e623840e5e8	d__Bacteria;p__Acidobacteriota;c__Acidobacteriae;o__Terriglobales;f__Acidobacteriaceae_(Subgroup_1);g__Acidobacterium;s__uncultured_bacterium	0.7923398606199411
1bf37279775c1234c11b36618b05df98	d__Bacteria;p__Pseudomonadota;c__Alphaproteobacteria;o__Rickettsiales;f__Mitochondria;g__Incertae_Sedis	0.8398756135173255
a14ab94ca2328ed2730a4bd6fb3a335f	d__Bacteria;p__Pseudomonadota;c__Alphaproteobacteria;o__Rickettsiales;f__Mitochondria;g__Incertae_Sedis	0.8399300243599941
fa4e224755c5711944b4a78bfe1b3701	d__Bacteria;p__Pseudomonadota;c__Gammaproteobacteria;o__Rickettsiellales;f__Rickettsiellaceae;g__Incertae_Sedis	0.9999994586176015
1340b055dcb7b5bf7637515034d9bf23	d__Bacteria;p__Pseudomonadota;c__Alphaproteobacteria;o__Rickettsiales;f__Mitochondria;g__Incertae_Sedis;s__Rhynchosporium_secalis	0.9800507253325436
5cd5db443f9a7dc776164acd95af4177	d__Bacteria;p__Actinomycetota;c__Actinobacteria;o__Frankiales;f__Acidothermaceae;g__Acidothermus;s__uncultured_actinobacterium	0.7792399327517531
76b6db5faf87abf7211ea5067caa6efb	d__Bacteria;p__Actinomycetota;c__Thermoleophilia;o__Solirubrobacterales;f__Solirubrobacteraceae;g__Conexibacter;s__uncultured_Actinomycetales	0.9351209555788341
634041715758706d76a704c966bc8ab3	d__Bacteria;p__Pseudomonadota;c__Alphaproteobacteria;o__Rickettsiales;f__Mitochondria;g__Incertae_Sedis;s__Rhynchosporium_secalis	0.9841937963323262
48e4f024792c471d671faff04d2c9ae6	d__Bacteria;p__Actinomycetota;c__Actinobacteria;o__Mycobacteriales;f__Mycobacteriaceae;g__Mycobacterium;s__Mycobacterium_heidelbergense	0.9968273168147632
6bd9298662e8354dbec8a552bbfa5262	d__Bacteria;p__Actinomycetota;c__Actinobacteria;o__Frankiales;f__Acidothermaceae;g__Acidothermus;s__uncultured_soil	0.8644375535524089
260c33d33959cb73870ec6f11968585a	d__Bacteria;p__Pseudomonadota;c__Alphaproteobacteria;o__Rickettsiales;f__Mitochondria;g__Incertae_Sedis;s__Rhynchosporium_secalis	0.9841097903280078
5953574e58a7c49ea3922832715c5d1f	d__Bacteria;p__Actinomycetota;c__Actinobacteria;o__Mycobacteriales;f__Mycobacteriaceae;g__Mycobacterium;s__Mycobacterium_heidelbergense	0.9967895167922795
a52dcb985da7f76185dc5beaa6b9465e	d__Bacteria;p__Actinomycetota;c__Acidimicrobiia;o__Acidimicrobiales;f__Acidimicrobiaceae;g__Incertae_Sedis;s__uncultured_Actinomycetales	0.969100136134599
b41ed945b042d445ab9f6580a56f6257	d__Bacteria;p__Pseudomonadota;c__Alphaproteobacteria;o__Hyphomicrobiales;f__Beijerinckiaceae;g__Roseiarcus;s__uncultured_bacterium	0.9590315070110672
a2bc4a9d04344e7f2eecae1c6333b401	d__Bacteria;p__Actinomycetota;c__Acidimicrobiia;o__Acidimicrobiales;f__Acidimicrobiaceae;g__Incertae_Sedis;s__uncultured_Actinomycetales	0.9929356254666911
7022b2df995d6aed482f763d7e1e48bf	d__Bacteria;p__Pseudomonadota;c__Alphaproteobacteria;o__Rickettsiales;f__Mitochondria;g__Incertae_Sedis;s__Rhynchosporium_secalis	0.9799396652540215
5b4443643249473ea0b046d2c1be928b	d__Bacteria;p__Actinomycetota;c__Acidimicrobiia;o__Acidimicrobiales;f__Acidimicrobiaceae;g__Acidiferrimicrobium	0.8047439817313929
c50166c620a0a43b8dbf0d3d4d7dc920	d__Bacteria;p__Actinomycetota;c__Acidimicrobiia;o__Acidimicrobiales;f__Acidimicrobiaceae;g__Acidiferrimicrobium	0.8284330653010318
f4d98b8919620731a537af0e31f1b8ae	d__Bacteria;p__Pseudomonadota;c__Gammaproteobacteria;o__Lysobacterales;f__Rhodanobacteraceae;g__Dyella	0.9528488945246509
e6f74938cb8b8d30873813b7d13cf5ca	d__Bacteria	0.9996854440578291
4e953ead176c8386043d83fb7fa36847	d__Bacteria;p__Actinomycetota;c__Thermoleophilia;o__Solirubrobacterales;f__Solirubrobacteraceae;g__Conexibacter	0.9924826130414732
030c16cddb796f32048850f88dc1086f	d__Bacteria;p__Actinomycetota;c__Actinobacteria;o__Frankiales;f__Acidothermaceae;g__Acidothermus;s__uncultured_actinobacterium	0.8638638501852712
70a42c7c0ce43d24d88e67867d189791	d__Bacteria;p__Pseudomonadota;c__Alphaproteobacteria;o__Rickettsiales;f__Mitochondria;g__Incertae_Sedis;s__Rhynchosporium_secalis	0.98421178142246
48ab48ace463c58f67e23f08c2b24610	d__Bacteria;p__Actinomycetota;c__Actinobacteria;o__Frankiales;f__Acidothermaceae;g__Acidothermus;s__uncultured_Thermomonosporaceae	0.976079648241751
1dd3c76be19444ac2ae22b33438dbea1	d__Bacteria;p__Pseudomonadota;c__Alphaproteobacteria;o__Hyphomicrobiales;f__Beijerinckiaceae;g__Methylovirgula;s__uncultured_bacterium	0.9712138533462137
7dc2f8dd874f13c5ef257be421d9c3c7	d__Bacteria;p__Actinomycetota;c__Actinobacteria;o__Frankiales;f__Acidothermaceae;g__Acidothermus;s__uncultured_actinobacterium	0.9128107902994288
97c97c2ac8c0050f8dec314a29657682	d__Bacteria;p__Actinomycetota;c__Actinobacteria;o__Mycobacteriales;f__Mycobacteriaceae;g__Mycobacterium;s__Mycobacterium_heidelbergense	0.9968368477066457
ddb19ef891c5f4852ad18e820d81a201	d__Bacteria;p__Actinomycetota;c__Actinobacteria;o__Frankiales;f__Acidothermaceae;g__Acidothermus;s__uncultured_actinobacterium	0.7760888396122151
0f38de56feca14f81e3b36caa2bfece0	d__Bacteria;p__Actinomycetota;c__Actinobacteria;o__Frankiales;f__Acidothermaceae;g__Acidothermus;s__uncultured_Thermomonosporaceae	0.9751734586120353
93ad0436918d4903a4430b51f243c3cb	d__Bacteria;p__Cyanobacteriota;c__Vampirivibrionia;o__Obscuribacterales;f__Obscuribacteraceae;g__Incertae_Sedis;s__uncultured_bacterium	0.8785423845091411
c5e8459be65f47c9ee2e6e0da6ff81b2	d__Bacteria;p__Actinomycetota;c__Thermoleophilia;o__Solirubrobacterales;f__Solirubrobacteraceae;g__Conexibacter	0.9278335005284138
bba343b605312685f3762894cd285520	d__Bacteria;p__Actinomycetota;c__Actinobacteria;o__Mycobacteriales;f__Mycobacteriaceae;g__Mycobacterium;s__Mycobacterium_heidelbergense	0.9968800770941247
e64a460254929f8c3be3423e3927ff12	d__Bacteria;p__Actinomycetota;c__Acidimicrobiia;o__Acidimicrobiales;f__Acidimicrobiaceae;g__Acidiferrimicrobium	0.7731891785819149
ebc7a5e268f26782d6fe8329242d3f77	d__Bacteria;p__Acidobacteriota;c__Acidobacteriae;o__Terriglobales;f__Acidobacteriaceae_(Subgroup_1)	0.9999999405896904
dbbffdbfece0bd21e4618dab667b0916	d__Bacteria;p__Actinomycetota;c__Thermoleophilia;o__Solirubrobacterales;f__Solirubrobacteraceae;g__Conexibacter;s__uncultured_bacterium	0.7807426267494035
12cdb92062d2bb0fcd07b99b8ce236c2	d__Bacteria;p__Pseudomonadota;c__Alphaproteobacteria;o__Rickettsiales;f__Mitochondria;g__Incertae_Sedis;s__Rhynchosporium_secalis	0.9840959676135539
9c5a46a9d08139e198024c8761e02f7b	d__Bacteria;p__Actinomycetota;c__Actinobacteria;o__Frankiales;f__Acidothermaceae;g__Acidothermus;s__uncultured_Thermomonosporaceae	0.9809650944747867
73057667a854ef0e3a77596f8483f256	d__Bacteria;p__Actinomycetota;c__Thermoleophilia;o__Solirubrobacterales;f__Solirubrobacteraceae;g__Conexibacter	0.9278865847740455
e481e1e19629219028a736693c165221	d__Bacteria;p__Acidobacteriota;c__Acidobacteriae;o__Terriglobales;f__Acidobacteriaceae_(Subgroup_1);g__Acidobacterium;s__uncultured_bacterium	0.9276430436807528
51f96aa3957dd8c396ebf07690d99f79	d__Bacteria;p__Acidobacteriota;c__Acidobacteriae;o__Terriglobales;f__Acidobacteriaceae_(Subgroup_1);g__Granulicella;s__uncultured_eubacterium	0.9600446950336241
365578bbeaf3e43cc1a7529b3bd994e0	d__Bacteria;p__Actinomycetota;c__Actinobacteria;o__Frankiales;f__Acidothermaceae;g__Acidothermus;s__uncultured_Thermomonosporaceae	0.9693831458081242
e6bd43b1f25e3ed49c9b8e078feed53c	d__Bacteria;p__Actinomycetota;c__Actinobacteria;o__Frankiales;f__Acidothermaceae;g__Acidothermus;s__uncultured_actinobacterium	0.795158521462708
3eb1d39665d2103516a7202a9c1ae967	d__Bacteria;p__Planctomycetota;c__Planctomycetes;o__Isosphaerales;f__Isosphaeraceae;g__Aquisphaera	0.9934463819265096
4eda0a05a9951df9a37b3a828b5af860	d__Bacteria;p__Actinomycetota;c__Actinobacteria;o__Mycobacteriales;f__Mycobacteriaceae;g__Mycobacterium	0.9999999650044118
4481d94360b5e6801da7c9f5f30edadd	d__Bacteria;p__Actinomycetota;c__Actinobacteria;o__Frankiales;f__Acidothermaceae;g__Acidothermus;s__uncultured_Thermomonosporaceae	0.9643048534139308
aa91bfea93addee0294cacb9e5b0e814	d__Bacteria;p__Actinomycetota;c__Actinobacteria;o__Frankiales;f__Acidothermaceae;g__Acidothermus;s__uncultured_Thermomonosporaceae	0.9801700247841014
051dcf4a1a8bfe86a860efcafbbd77ed	d__Bacteria;p__Actinomycetota;c__Actinobacteria;o__Mycobacteriales;f__Mycobacteriaceae;g__Mycobacterium;s__Mycobacterium_heidelbergense	0.9967299900002569
2b316c831c30e6ac524981cf1a02989f	d__Bacteria;p__Actinomycetota;c__Actinobacteria;o__Frankiales;f__Acidothermaceae;g__Acidothermus;s__uncultured_actinobacterium	0.7856728563614064
ab6559932a88735aa178693e224b77db	d__Bacteria;p__Actinomycetota;c__Actinobacteria;o__Frankiales;f__Acidothermaceae;g__Acidothermus;s__uncultured_actinobacterium	0.8638638500728208
4aeba8f125090a6c13aefc94ed494e90	d__Bacteria;p__Actinomycetota;c__Actinobacteria;o__Frankiales;f__Acidothermaceae;g__Acidothermus;s__uncultured_actinobacterium	0.9073115950660456
921c99b8cae86659cd526ae95a667ab5	d__Bacteria;p__Actinomycetota;c__Acidimicrobiia;o__Acidimicrobiales;f__Acidimicrobiaceae;g__Acidiferrimicrobium	0.7943155564044837
b72939c1af21e430c3e93699af7ceb33	d__Bacteria;p__Pseudomonadota;c__Alphaproteobacteria;o__Rickettsiales;f__Mitochondria;g__Incertae_Sedis;s__Rhynchosporium_secalis	0.9800673731589954
61b2b7923b8834f9fbeabfe2b7f99aab	d__Bacteria;p__Planctomycetota;c__Planctomycetes;o__Isosphaerales;f__Isosphaeraceae;g__Aquisphaera;s__uncultured_planctomycete	0.7139656847935869
d77d419846631657f99301254d9b8fb3	d__Bacteria;p__Pseudomonadota;c__Alphaproteobacteria;o__Rickettsiales;f__Mitochondria;g__Incertae_Sedis;s__Rhynchosporium_secalis	0.9799225190814576
0e4bf2501539a7de16d3cefdae6d1308	d__Bacteria;p__Acidobacteriota;c__Blastocatellia;o__Pyrinomonadales;f__Pyrinomonadaceae;g__Pyrinomonas;s__Pyrinomonas_methylaliphatogenes	0.9416836618421025
da9b01d93cf9c3eac0cbe61e1bb68a88	d__Bacteria;p__Pseudomonadota;c__Gammaproteobacteria;o__Lysobacterales;f__Rhodanobacteraceae;g__Dyella	0.9626237338825594
63cb640b04b336d9b1aea4b276744c8e	d__Bacteria;p__Actinomycetota;c__Thermoleophilia;o__Solirubrobacterales;f__Solirubrobacteraceae;g__Conexibacter;s__uncultured_Conexibacteraceae	0.8846088604213176
31e6e7c99930dcd1245184e109ad65c6	d__Bacteria;p__Candidatus_Eremiobacterota;c__Eremiobacteria;o__Incertae_Sedis;f__Incertae_Sedis;g__Incertae_Sedis;s__uncultured_bacterium	0.7198726057033658
a15af615b1c17809547e1629cd8683f6	d__Bacteria;p__Actinomycetota;c__Acidimicrobiia;o__Acidimicrobiales;f__Acidimicrobiaceae;g__Incertae_Sedis;s__uncultured_Actinomycetales	0.9935610041332575
dc6be3c27468fe477f8e836990b2793a	d__Bacteria;p__Actinomycetota;c__Actinobacteria;o__Mycobacteriales;f__Mycobacteriaceae;g__Mycobacterium;s__Mycobacterium_heidelbergense	0.9965442380878263
42b59f44ac3a49894f6a8872a74be2cc	d__Bacteria;p__Pseudomonadota;c__Alphaproteobacteria;o__Rickettsiales;f__Mitochondria;g__Incertae_Sedis;s__Rhynchosporium_secalis	0.9843569986620065
83caacd03c79bcc0a89b0f36b77407a4	d__Bacteria;p__Pseudomonadota;c__Alphaproteobacteria;o__Hyphomicrobiales;f__Beijerinckiaceae;g__Roseiarcus;s__uncultured_bacterium	0.962359528177152
b6f9e5ab402fac6e301449cc3bba5335	d__Bacteria;p__Actinomycetota;c__Actinobacteria;o__Frankiales;f__Acidothermaceae;g__Acidothermus;s__uncultured_actinobacterium	0.7930451574730815
9c29ee8e23d8d79935c3896ddfdbcb4d	d__Bacteria;p__Actinomycetota;c__Thermoleophilia;o__Solirubrobacterales;f__Solirubrobacteraceae;g__Conexibacter;s__uncultured_bacterium	0.8411476891497043
f4fe75900ea101d68cd845398c875346	d__Bacteria;p__Pseudomonadota;c__Alphaproteobacteria;o__Rickettsiales;f__Mitochondria;g__Incertae_Sedis;s__Rhynchosporium_secalis	0.9842117897696816
a3266792c7452bebae85e92b477a7133	d__Bacteria;p__Pseudomonadota;c__Alphaproteobacteria;o__Rickettsiales;f__Mitochondria;g__Incertae_Sedis;s__Rhynchosporium_secalis	0.9841015629207026
f6b637e21bf66fec5ff9cbc20f80416d	d__Bacteria;p__Pseudomonadota;c__Alphaproteobacteria;o__Rickettsiales;f__Mitochondria;g__Incertae_Sedis;s__Rhynchosporium_secalis	0.9800615269214734
242c6eeb47d45b26e5d6feb1d65349ab	d__Bacteria;p__Actinomycetota;c__Actinobacteria;o__Frankiales;f__Acidothermaceae;g__Acidothermus;s__uncultured_actinobacterium	0.8061085071685694
832a5d894a45cfdad89b62750316490b	d__Bacteria;p__Actinomycetota;c__Actinobacteria;o__Mycobacteriales;f__Mycobacteriaceae;g__Mycobacterium;s__Mycobacterium_heidelbergense	0.9967343780075171
a148d93f9b841d6b592e51dbf2382349	d__Bacteria;p__Actinomycetota;c__Actinobacteria;o__Frankiales;f__Acidothermaceae;g__Acidothermus;s__uncultured_actinobacterium	0.8118489886356899
5ba373938f1952964c04133e4e38acad	d__Bacteria;p__Pseudomonadota;c__Alphaproteobacteria;o__Rickettsiales;f__Mitochondria;g__Incertae_Sedis;s__Rhynchosporium_secalis	0.9844821563799442
586cd68141f53fd869fd267a0496032f	d__Bacteria;p__Actinomycetota;c__Actinobacteria;o__Mycobacteriales;f__Mycobacteriaceae;g__Mycobacterium;s__Mycobacterium_heidelbergense	0.9966837999273066
d1807d1acb216ab710dce6c0ae5980fb	d__Bacteria;p__Pseudomonadota;c__Alphaproteobacteria;o__Rickettsiales;f__Mitochondria;g__Incertae_Sedis;s__Rhynchosporium_secalis	0.979929415331714
5e13dc2d43303297cd85656f3f50de41	d__Bacteria;p__Actinomycetota;c__Actinobacteria;o__Frankiales;f__Acidothermaceae;g__Acidothermus;s__uncultured_actinobacterium	0.8259674962383026
400d4c6cd6eecaa8f7ef0b7e631ddbe3	d__Bacteria;p__Actinomycetota;c__Thermoleophilia;o__Solirubrobacterales;f__Solirubrobacteraceae;g__Conexibacter	0.9218405494490451
40b72c5c02c8993a43482addc44440a2	d__Bacteria;p__Actinomycetota;c__Thermoleophilia;o__Solirubrobacterales;f__Solirubrobacteraceae;g__Conexibacter;s__uncultured_bacterium	0.7146473224325094
1bee0910289d52d94a54259fb70c4f9b	d__Bacteria;p__Actinomycetota;c__Actinobacteria;o__Frankiales;f__Acidothermaceae;g__Acidothermus;s__uncultured_actinobacterium	0.8157390354741799
adb68d04548739897af22e14bf44eceb	d__Bacteria;p__Patescibacteria;c__Saccharimonadia;o__Saccharimonadales;f__Incertae_Sedis;g__Incertae_Sedis;s__uncultured_bacterium	0.9819321834941587
3a9f9d0408284e5fc1145d3a61b8f0f4	d__Bacteria;p__Actinomycetota;c__Actinobacteria;o__Frankiales;f__Acidothermaceae;g__Acidothermus;s__uncultured_Thermomonosporaceae	0.968713390686163
2a405f8a3ea3b1bf04ec9b2e82412955	d__Bacteria;p__Actinomycetota;c__Acidimicrobiia;o__Acidimicrobiales;f__Acidimicrobiaceae;g__Incertae_Sedis;s__uncultured_Actinomycetales	0.965174007160354
893786f890c9318924fe1e65787dc5e1	d__Bacteria;p__Pseudomonadota;c__Alphaproteobacteria;o__Hyphomicrobiales;f__Beijerinckiaceae;g__Methylovirgula;s__uncultured_bacterium	0.8873463824889523
9ab8d2341c940848e2452774446209fa	d__Bacteria;p__Pseudomonadota;c__Alphaproteobacteria;o__Rickettsiales;f__Mitochondria;g__Incertae_Sedis;s__Rhynchosporium_secalis	0.9876083769554912
34cb1a75d6c72eb2634fb17f81cee640	d__Bacteria;p__Pseudomonadota;c__Alphaproteobacteria;o__Rickettsiales;f__Mitochondria;g__Incertae_Sedis	0.8697904322493031
8bbf0fba1ac70bf7f9c06d70ee94f648	d__Bacteria;p__Actinomycetota;c__Thermoleophilia;o__Solirubrobacterales;f__Solirubrobacteraceae;g__Conexibacter;s__uncultured_Conexibacteraceae	0.8698608763909136
f69039e08e3dc097aa908c3b730f3efb	d__Bacteria;p__Planctomycetota;c__Phycisphaerae;o__Tepidisphaerales;f__WD2101_soil_group;g__Incertae_Sedis;s__uncultured_bacterium	0.8460390859566964
94986195634d576986b97f0708da0b48	d__Bacteria;p__Actinomycetota;c__Thermoleophilia;o__Solirubrobacterales;f__Solirubrobacteraceae;g__Conexibacter	0.9419588963421184
5056e7b3d72d74ce069b0b1e2ef004ed	d__Bacteria;p__Pseudomonadota;c__Alphaproteobacteria;o__Rickettsiales;f__Mitochondria;g__Incertae_Sedis;s__Rhynchosporium_secalis	0.9841040686659138
715a62ea57e18ddddaad4011623ea2ca	d__Bacteria;p__Actinomycetota;c__Actinobacteria;o__Frankiales;f__Acidothermaceae;g__Acidothermus;s__uncultured_Thermomonosporaceae	0.9736123610620704
6dc708d9d000f7e1ec6384353003a949	d__Bacteria;p__Pseudomonadota;c__Alphaproteobacteria;o__Hyphomicrobiales;f__Beijerinckiaceae;g__Roseiarcus;s__uncultured_bacterium	0.9623595260659407
ec1da3d5509588b176a75b979a4f85f2	d__Bacteria;p__Pseudomonadota;c__Alphaproteobacteria;o__Rickettsiales;f__Mitochondria;g__Incertae_Sedis;s__Rhynchosporium_secalis	0.9798698373172294
a9a9b83e26e2cd774c51c6500b205e29	d__Bacteria;p__Actinomycetota;c__Actinobacteria;o__Frankiales;f__Acidothermaceae;g__Acidothermus;s__uncultured_actinobacterium	0.8211192221321626
296a7e90501b7da7f5b60d0b71feb514	d__Bacteria;p__Pseudomonadota;c__Alphaproteobacteria;o__Hyphomicrobiales;f__Beijerinckiaceae;g__Methylovirgula;s__uncultured_bacterium	0.9709399398803855
65d4924caa64c061bb7231ccffe94465	d__Bacteria;p__Actinomycetota;c__Actinobacteria;o__Mycobacteriales;f__Mycobacteriaceae;g__Mycobacterium;s__Mycobacterium_heidelbergense	0.9965182031699018
502c386a86b10427970be1d3dff542c5	d__Bacteria;p__Actinomycetota;c__Actinobacteria;o__Frankiales;f__Acidothermaceae;g__Acidothermus;s__uncultured_actinobacterium	0.8047455545920399
093580c991eeed1680009fae64556e6c	d__Bacteria;p__Actinomycetota;c__Actinobacteria;o__Mycobacteriales;f__Mycobacteriaceae;g__Mycobacterium	0.9999999664074962
d302b69df7b01f3cb0f5d48d4923ec0d	d__Bacteria;p__Actinomycetota;c__Actinobacteria;o__Frankiales;f__Acidothermaceae;g__Acidothermus;s__uncultured_actinobacterium	0.7582225834776217
f4ecc7c39b6e4da87df0d04db2cd8d5f	d__Bacteria;p__Actinomycetota;c__Actinobacteria;o__Frankiales;f__Acidothermaceae;g__Acidothermus;s__uncultured_actinobacterium	0.7875320683823179
918917ad41ea5e3154b6986793cad707	d__Bacteria;p__Actinomycetota;c__Actinobacteria;o__Mycobacteriales;f__Mycobacteriaceae;g__Mycobacterium;s__Mycobacterium_heidelbergense	0.996716985787059
29be1d65c17491d0aa958415de70be9c	d__Bacteria;p__Patescibacteria;c__Saccharimonadia;o__Saccharimonadales;f__Incertae_Sedis;g__Incertae_Sedis;s__uncultured_bacterium	0.9945610934065158
48a9f00539192c8fd5625b803ba6e03c	d__Bacteria;p__Pseudomonadota;c__Alphaproteobacteria;o__Rickettsiales;f__Mitochondria;g__Incertae_Sedis;s__Rhynchosporium_secalis	0.9842116439666804
da13a1e783dbddb153fb787d0364ab92	d__Bacteria;p__Candidatus_Eremiobacterota;c__Eremiobacteria;o__Incertae_Sedis;f__Incertae_Sedis;g__Incertae_Sedis;s__uncultured_bacterium	0.8070582726864137
910bfd6fde72215035a90621c90979fc	d__Bacteria;p__Planctomycetota;c__Phycisphaerae;o__Tepidisphaerales;f__WD2101_soil_group;g__Incertae_Sedis;s__uncultured_bacterium	0.7748178902539861
39c3a9a91ca3942ed45d2085efd1b40c	d__Bacteria;p__Actinomycetota;c__Acidimicrobiia;o__Acidimicrobiales;f__Acidimicrobiaceae;g__Incertae_Sedis;s__uncultured_Actinomycetales	0.9691363052034467
68f8b46e9432f94da245f296f50f0535	d__Bacteria;p__Actinomycetota;c__Actinobacteria;o__Frankiales;f__Acidothermaceae;g__Acidothermus;s__uncultured_Thermomonosporaceae	0.9779715345731225
f36d7c72312937faa5127a52ce8e2ab0	d__Bacteria;p__Pseudomonadota;c__Alphaproteobacteria;o__Rickettsiales;f__Mitochondria;g__Incertae_Sedis;s__Rhynchosporium_secalis	0.9800608092001365
ff2498d89076a2d1bca985d6e5bd8e3f	d__Bacteria;p__Actinomycetota;c__Actinobacteria;o__Mycobacteriales;f__Mycobacteriaceae;g__Mycobacterium	0.999999966294413
c301de5cfcd693d7d3a6f6fb165a6dd4	d__Bacteria;p__Actinomycetota;c__Actinobacteria;o__Mycobacteriales;f__Mycobacteriaceae;g__Mycobacterium;s__Mycobacterium_heidelbergense	0.9967171707570277
5dec8fd09abfd3123dcef0ce0af94b9c	d__Bacteria;p__Dependentiae;c__Babeliae;o__Babeliales;f__Vermiphilaceae;g__Incertae_Sedis;s__uncultured_Candidatus	0.9724267603708745
e3145966b200283bdb957f2ee5e43f8f	d__Bacteria;p__Actinomycetota;c__Actinobacteria;o__Mycobacteriales;f__Mycobacteriaceae;g__Mycobacterium	0.9999999593544486
279e27bf846833d34da6b4e383002398	d__Bacteria;p__Pseudomonadota;c__Gammaproteobacteria;o__Lysobacterales;f__Rhodanobacteraceae;g__Dyella	0.9658136178948791
a7f4c8e6cb064797769993e0c9fd5ec5	d__Bacteria;p__Pseudomonadota;c__Gammaproteobacteria;o__Lysobacterales;f__Rhodanobacteraceae;g__Dyella	0.9493354647317398
e63868acd6ab7f48ccb8f8a0590e7b43	d__Bacteria;p__Pseudomonadota;c__Gammaproteobacteria;o__Lysobacterales;f__Rhodanobacteraceae;g__Dyella	0.9531399009599282
e3f4542a7aed81543c5c5aec6d10de54	d__Bacteria;p__Pseudomonadota;c__Alphaproteobacteria;o__Rickettsiales;f__Mitochondria;g__Incertae_Sedis	0.9999999999871046
cb6efbf1bacbc440d22e10893a819f90	d__Bacteria;p__Dependentiae;c__Babeliae;o__Babeliales;f__Vermiphilaceae;g__Incertae_Sedis;s__uncultured_bacterium	0.8913125739048924
67e5a410ca6afd395ea7cca536ac76a1	d__Bacteria;p__Actinomycetota;c__Acidimicrobiia;o__Acidimicrobiales;f__Acidimicrobiaceae;g__Incertae_Sedis;s__uncultured_Actinomycetales	0.9663711406015538
6db2cb2d5a86f302118a4158589c8ce9	d__Bacteria;p__Candidatus_Eremiobacterota;c__Eremiobacteria;o__Incertae_Sedis;f__Incertae_Sedis;g__Incertae_Sedis;s__uncultured_bacterium	0.8907442667422679
1449171cce9975fc109d1acefb6217cb	d__Bacteria;p__Candidatus_Eremiobacterota;c__Eremiobacteria;o__Incertae_Sedis;f__Incertae_Sedis;g__Incertae_Sedis	0.999999996502907
10eb2d44b935216a033fd63d7d45e5a8	d__Bacteria;p__Dependentiae;c__Babeliae;o__Babeliales;f__Vermiphilaceae;g__Incertae_Sedis;s__uncultured_bacterium	0.8773370575876062
135772ea41b2e7e2b465de9bc19e04ed	d__Bacteria;p__Actinomycetota;c__Actinobacteria;o__Frankiales;f__Acidothermaceae;g__Acidothermus;s__uncultured_actinobacterium	0.8075713298574109
bcd8728492e192f605d46b7ebcc9a28a	d__Bacteria;p__Actinomycetota;c__Thermoleophilia;o__Solirubrobacterales;f__Solirubrobacteraceae;g__Conexibacter	0.9802000076126693
5dd75e3197f87b66741adbdb8f996136	d__Bacteria;p__Actinomycetota;c__Thermoleophilia;o__Solirubrobacterales;f__Solirubrobacteraceae;g__Conexibacter	0.9070067096193134
39a35db659a2c3a995b0e8ab35156982	d__Bacteria;p__Acidobacteriota;c__Acidobacteriae;o__Terriglobales;f__Acidobacteriaceae_(Subgroup_1);g__Acidobacterium;s__uncultured_bacterium	0.7657132465672022
fc7499ddcfc204d5c9a0f024bf4d295b	d__Bacteria;p__Actinomycetota;c__Actinobacteria;o__Frankiales;f__Acidothermaceae;g__Acidothermus;s__uncultured_actinobacterium	0.8118489884732364
51a1d91962e8c1e335c464f0727c503c	d__Bacteria;p__Actinomycetota;c__Actinobacteria;o__Mycobacteriales;f__Mycobacteriaceae;g__Mycobacterium;s__Mycobacterium_heidelbergense	0.9967217128684129
982ecdaaf56a209ae9b82fccb836c77c	d__Bacteria;p__Actinomycetota;c__Actinobacteria;o__Frankiales;f__Acidothermaceae;g__Acidothermus;s__uncultured_actinobacterium	0.7979660988151674
c7affb1adfbc6ef820d59c063f1551c5	d__Bacteria;p__Actinomycetota;c__Thermoleophilia;o__Solirubrobacterales;f__Solirubrobacteraceae;g__Conexibacter;s__uncultured_bacterium	0.7219569930432068
0088f84e1c072dc6b5716750561d28f6	d__Bacteria;p__Actinomycetota;c__Actinobacteria;o__Frankiales;f__Acidothermaceae;g__Acidothermus;s__uncultured_actinobacterium	0.824905909370577
9eebb869158a389fd47f301346b87dca	d__Bacteria;p__Actinomycetota;c__Acidimicrobiia;o__Acidimicrobiales;f__Acidimicrobiaceae;g__Acidiferrimicrobium	0.8021084523196126
56760ce218696f31f2e912b3ac0839bc	d__Bacteria;p__Actinomycetota;c__Actinobacteria;o__Frankiales;f__Acidothermaceae;g__Acidothermus;s__uncultured_Thermomonosporaceae	0.9726378566255995
3d085d8906c3e96ce855b40d8837584f	d__Bacteria;p__Candidatus_Eremiobacterota;c__Eremiobacteria;o__Incertae_Sedis;f__Incertae_Sedis;g__Incertae_Sedis;s__uncultured_bacterium	0.7737956221213693
4765e69ad814ef61cfd8bac753ceac5c	d__Bacteria;p__Actinomycetota;c__Actinobacteria;o__Frankiales;f__Acidothermaceae;g__Acidothermus;s__uncultured_actinobacterium	0.7930451573117311
2ccf31540350322db22cb93de5ab5e09	d__Bacteria;p__Actinomycetota;c__Thermoleophilia;o__Solirubrobacterales;f__Solirubrobacteraceae;g__Conexibacter	0.9173408627464344
725e510ef3ee53b34cc5af2f49d833ff	d__Bacteria;p__Actinomycetota;c__Thermoleophilia;o__Solirubrobacterales;f__Solirubrobacteraceae;g__Conexibacter	0.9933599865048787
ad31bce26b1e8e46afa432683da6e889	d__Bacteria;p__Pseudomonadota;c__Alphaproteobacteria;o__Rickettsiales;f__Mitochondria;g__Incertae_Sedis;s__Paracoccidioides_brasiliensis	0.8670148389061264
32c531eb66c9e830042b0041078f6e6e	d__Bacteria;p__Acidobacteriota;c__Acidobacteriae;o__Terriglobales;f__Acidobacteriaceae_(Subgroup_1);g__Granulicella;s__uncultured_eubacterium	0.946536149736344
9ffa97c94c0afce2da532a2e052eeaf7	d__Bacteria;p__Actinomycetota;c__Thermoleophilia;o__Solirubrobacterales;f__Solirubrobacteraceae;g__Conexibacter;s__uncultured_bacterium	0.960741955702575
f69532523093387a94041645761dd967	d__Bacteria;p__Pseudomonadota;c__Alphaproteobacteria;o__Hyphomicrobiales;f__Beijerinckiaceae;g__Methylovirgula;s__uncultured_bacterium	0.9807425739065956
bf9bd2f3bd245bbb05d23540e3a96327	d__Bacteria;p__Actinomycetota;c__Actinobacteria;o__Frankiales;f__Acidothermaceae;g__Acidothermus;s__uncultured_actinobacterium	0.7764325779684933
0b302845d8e7c3b267a2ea92d3d3748e	d__Bacteria;p__Actinomycetota;c__Thermoleophilia;o__Solirubrobacterales;f__Solirubrobacteraceae;g__Conexibacter	0.8040268122644385
c23be8bf1fee0b5893ecb4aa5f63eb56	d__Bacteria;p__Pseudomonadota;c__Alphaproteobacteria;o__Rickettsiales;f__Mitochondria;g__Incertae_Sedis;s__Rhynchosporium_secalis	0.9877132682970862
b6112a1c53116f228a674e1f7fdb4dc6	d__Bacteria;p__Actinomycetota;c__Thermoleophilia;o__Solirubrobacterales;f__Solirubrobacteraceae;g__Conexibacter	0.9895907765865649
1ba4570fcc5cdd5f30390a88a95a6bf0	d__Bacteria;p__Actinomycetota;c__Actinobacteria;o__Mycobacteriales;f__Mycobacteriaceae;g__Mycobacterium	0.9999999596533483
9a971ff01ce11a664869fef5fe67cdac	d__Bacteria;p__Actinomycetota;c__Thermoleophilia;o__Solirubrobacterales;f__Solirubrobacteraceae;g__Conexibacter	0.8220040615455225
25d86fdd64dd979a82c43a7d20584fbb	d__Bacteria;p__Actinomycetota;c__Actinobacteria;o__Mycobacteriales;f__Mycobacteriaceae;g__Mycobacterium	0.9999999648516567
1dbcf2eb7b0286aab099f391edc75ffc	d__Bacteria;p__Acidobacteriota;c__Acidobacteriae;o__Terriglobales;f__Acidobacteriaceae_(Subgroup_1);g__Occallatibacter;s__bacterium_enrichment	0.7960975201721119
3a2a06c92b30c350bfe544cec6dd8a91	d__Bacteria;p__Pseudomonadota;c__Alphaproteobacteria;o__Rickettsiales;f__Mitochondria;g__Incertae_Sedis;s__Rhynchosporium_secalis	0.9843624744471287
0cceabee0f5f9a4d492f3130932f648f	d__Bacteria;p__Planctomycetota;c__Planctomycetes;o__Isosphaerales;f__Isosphaeraceae;g__Aquisphaera	0.9916925047191858
7e9542d216fd59282082c8321f6a3a21	d__Bacteria;p__Acidobacteriota;c__Acidobacteriae;o__Terriglobales;f__Acidobacteriaceae_(Subgroup_1);g__Occallatibacter;s__bacterium_enrichment	0.7637483965186099
3ed7ccbd35505e69e8794f9862f70e56	d__Bacteria;p__Actinomycetota;c__Thermoleophilia;o__Solirubrobacterales;f__Solirubrobacteraceae;g__Conexibacter	0.9693187366999777
6aa33feef4743be23cf86f62217543cc	d__Bacteria;p__Actinomycetota;c__Actinobacteria;o__Frankiales;f__Acidothermaceae;g__Acidothermus;s__uncultured_Thermomonosporaceae	0.9656349356540215
baae692ceea00dd3293f8d24551d770e	d__Bacteria;p__Actinomycetota;c__Actinobacteria;o__Frankiales;f__Acidothermaceae;g__Acidothermus;s__uncultured_actinobacterium	0.8711039109038002
0b427f89a1e1cb550224309d9a202a65	d__Bacteria;p__Dependentiae;c__Babeliae;o__Babeliales;f__Vermiphilaceae;g__Incertae_Sedis;s__uncultured_bacterium	0.9145385403061237
7ea4861ebe07c06afa51a854c2139b2f	d__Bacteria;p__Actinomycetota;c__Thermoleophilia;o__Solirubrobacterales;f__Solirubrobacteraceae;g__Conexibacter;s__uncultured_bacterium	0.9024165920256031
4faa9255db6d6b6148971fc9e7c36356	d__Bacteria;p__Pseudomonadota;c__Gammaproteobacteria;o__Lysobacterales;f__Rhodanobacteraceae;g__Dyella;s__Dyella_sp.	0.7253867062279843
6d1895c6985d14e8689eb5bb5e76c2c6	d__Bacteria;p__Actinomycetota;c__Thermoleophilia;o__Solirubrobacterales;f__Solirubrobacteraceae;g__Conexibacter;s__uncultured_bacterium	0.9322305926510253
695f242bc1498069885322ec6aa9a731	d__Bacteria;p__Dependentiae;c__Babeliae;o__Babeliales;f__Vermiphilaceae;g__Incertae_Sedis;s__uncultured_bacterium	0.917270325622056
69b1cfa1691f208bf963ffad84978341	d__Bacteria;p__Acidobacteriota;c__Acidobacteriae;o__Terriglobales;f__Acidobacteriaceae_(Subgroup_1);g__Acidobacterium;s__uncultured_bacterium	0.7663762243648181
03f0baa629c9f90b3b342ce7c44d9eb6	d__Bacteria;p__Pseudomonadota;c__Alphaproteobacteria;o__Rickettsiales;f__Mitochondria;g__Incertae_Sedis;s__Rhynchosporium_secalis	0.9800640800630904
e5a588d02b9f19d5d4238d26e2b719b8	d__Bacteria;p__Pseudomonadota;c__Alphaproteobacteria;o__Rickettsiales;f__Mitochondria;g__Incertae_Sedis;s__Rhynchosporium_secalis	0.9842171728977471
22e406d1c9d8b6e8b36fd1bba3126fae	d__Bacteria;p__Pseudomonadota;c__Alphaproteobacteria;o__Acetobacterales;f__Acetobacteraceae;g__Acidocella	0.9999998868596389
be72ce6202727848e65130e14848b244	d__Bacteria;p__Actinomycetota;c__Acidimicrobiia;o__Acidimicrobiales;f__Acidimicrobiaceae;g__Incertae_Sedis;s__uncultured_Actinomycetales	0.9923278875725574
f067925f71d6a0af419b3663bfe8ce21	d__Bacteria;p__Pseudomonadota;c__Alphaproteobacteria;o__Elsterales;f__Incertae_Sedis;g__Incertae_Sedis	0.8981865048410921
d5f24d72888e1b8cd004e575fb5c58e5	d__Bacteria;p__Actinomycetota;c__Actinobacteria;o__Frankiales;f__Acidothermaceae;g__Acidothermus;s__uncultured_Thermomonosporaceae	0.9689210331538294
5d6f8c319bcc97323b6980103b5bdc36	d__Bacteria;p__Actinomycetota;c__Acidimicrobiia;o__Acidimicrobiales;f__Acidimicrobiaceae;g__Acidiferrimicrobium;s__uncultured_thermal	0.7635001464574818
7f7e5aefccb42fa5e42e6c5a96c78411	d__Bacteria;p__Chlamydiota;c__Chlamydiia;o__Chlamydiales;f__cvE6;g__Incertae_Sedis;s__metagenome	0.9914117653391901
041d44df7366f4ca0f69fad5a6ea5ad5	d__Bacteria;p__Candidatus_Eremiobacterota;c__Eremiobacteria;o__Incertae_Sedis;f__Incertae_Sedis;g__Incertae_Sedis;s__uncultured_bacterium	0.8833273899886321
bcc09d8918f8d1696432b767b5ce9774	d__Bacteria;p__Pseudomonadota;c__Alphaproteobacteria;o__Acetobacterales;f__Acetobacteraceae;g__Acidisoma	0.7962283066852439
b0f7b9c29b3634efd455f5fdcfa2a52b	d__Bacteria;p__Pseudomonadota;c__Gammaproteobacteria;o__Gammaproteobacteria_Incertae_Sedis;f__Unknown_Family;g__Acidibacter;s__Acidibacter_ferrireducens	0.9355352966464031
042118fd1a412e5baaa2e1ae36b9e7ab	d__Bacteria;p__Planctomycetota;c__Phycisphaerae;o__Tepidisphaerales;f__WD2101_soil_group;g__Incertae_Sedis;s__uncultured_bacterium	0.930811018965692
c703859c4642c5963614299772117644	d__Bacteria;p__Pseudomonadota;c__Alphaproteobacteria;o__Acetobacterales;f__Acetobacteraceae;g__Acidocella	0.9999998748704255
50ebee215dd60d857b9d02dbfeaa8b29	d__Bacteria;p__Pseudomonadota;c__Alphaproteobacteria;o__Hyphomicrobiales;f__Beijerinckiaceae;g__Methylovirgula;s__uncultured_bacterium	0.8908604851541855
546253f955f197f3162d861473ab74ef	d__Bacteria;p__Candidatus_Eremiobacterota;c__Eremiobacteria;o__Incertae_Sedis;f__Incertae_Sedis;g__Incertae_Sedis;s__uncultured_bacterium	0.7674038446656066
e3ab394ba2873c5d3a8698eb1ddc74be	d__Bacteria;p__Actinomycetota;c__Acidimicrobiia;o__Acidimicrobiales;f__Acidimicrobiaceae;g__Incertae_Sedis;s__uncultured_Actinomycetales	0.9955171686758771
5f2fa24a2480f934faca6d32dae66789	d__Bacteria;p__Actinomycetota;c__Actinobacteria;o__Frankiales;f__Acidothermaceae;g__Acidothermus;s__uncultured_Thermomonosporaceae	0.9808232635579722
e53ba5bde1139834183729684b7581f7	d__Bacteria;p__Pseudomonadota;c__Alphaproteobacteria;o__Rickettsiales;f__Mitochondria;g__Incertae_Sedis;s__Arachis_hypogaea	0.7726503797418297
2046362d99aa050a3dc862d1d7e9d2be	d__Bacteria;p__Pseudomonadota;c__Alphaproteobacteria;o__Rickettsiales;f__Mitochondria;g__Incertae_Sedis;s__Rhynchosporium_secalis	0.9839485630550896
ef0777ecada4e92a5b548fccc3e08990	d__Bacteria;p__Pseudomonadota;c__Alphaproteobacteria;o__Acetobacterales;f__Acetobacteraceae;g__Acidocella;s__uncultured_bacterium	0.7989549814019203
3d5a01e6d394b322f1b48a04ff21571e	d__Bacteria;p__Actinomycetota;c__Actinobacteria;o__Frankiales;f__Acidothermaceae;g__Acidothermus;s__uncultured_Thermomonosporaceae	0.9805119699885382
07e6ffd3f2b8f7184449fe477ada91cd	d__Bacteria;p__Pseudomonadota;c__Alphaproteobacteria;o__Hyphomicrobiales;f__Beijerinckiaceae;g__Roseiarcus;s__uncultured_bacterium	0.9592551964170113
7d5bc1885040dfc2e7f28677dd5ad7b8	d__Bacteria;p__Actinomycetota;c__Actinobacteria;o__Frankiales;f__Acidothermaceae;g__Acidothermus;s__uncultured_Thermomonosporaceae	0.9816064635327737
75ac191fd7fd97ef8027540b3b940fd8	d__Bacteria;p__Pseudomonadota;c__Alphaproteobacteria;o__Rickettsiales;f__Mitochondria;g__Incertae_Sedis;s__Rhynchosporium_secalis	0.9799321387351677
e391c220cc765baedb245936c3906446	d__Bacteria;p__Actinomycetota;c__Thermoleophilia;o__Solirubrobacterales;f__Solirubrobacteraceae;g__Conexibacter;s__uncultured_Conexibacteraceae	0.9188269051269516
594ea8297c3234bc4fd8eacba0bff451	d__Bacteria	0.9999791557499866
44e3a133c868ecdfcea030a202b808a1	d__Bacteria;p__Actinomycetota;c__Thermoleophilia;o__Solirubrobacterales;f__Solirubrobacteraceae;g__Conexibacter;s__uncultured_Conexibacteraceae	0.9010356206541703
adf39a28907cead04a6391e4e018df5d	d__Bacteria;p__Pseudomonadota;c__Alphaproteobacteria;o__Rickettsiales;f__Mitochondria;g__Incertae_Sedis;s__Paracoccidioides_brasiliensis	0.8942624396403409
369ae5cab94ebe7f57deb3183767dbf8	d__Bacteria;p__Pseudomonadota;c__Gammaproteobacteria;o__Lysobacterales;f__Rhodanobacteraceae;g__Dyella	0.9589250043388828
8f872319cac2ddc74c4805bccecb5060	d__Bacteria;p__Pseudomonadota;c__Alphaproteobacteria;o__Rickettsiales;f__Mitochondria;g__Incertae_Sedis	0.8391730438793322
a6910034bb352bbf0db759effa70a9a0	d__Bacteria;p__Actinomycetota;c__Thermoleophilia;o__Solirubrobacterales;f__Solirubrobacteraceae;g__Conexibacter;s__uncultured_bacterium	0.9750777392778357
11b36940c1e041fa98e3147e47823f0a	d__Bacteria;p__Pseudomonadota;c__Alphaproteobacteria;o__Rickettsiales;f__Mitochondria;g__Incertae_Sedis	0.8281613643313487
ed3a498b394ce9905f97210eee484940	d__Bacteria;p__Acidobacteriota;c__Acidobacteriae;o__Terriglobales;f__Acidobacteriaceae_(Subgroup_1);g__Acidobacterium;s__uncultured_bacterium	0.7518399278816921
edf2af1a1028e63c1667ceb58baf5b8e	d__Bacteria;p__Dependentiae;c__Babeliae;o__Babeliales;f__Vermiphilaceae;g__Incertae_Sedis;s__uncultured_bacterium	0.9443419689962492
c4eed4adabded9b10f0d459ac5a414a2	d__Bacteria;p__Pseudomonadota;c__Alphaproteobacteria;o__Rickettsiales;f__Mitochondria;g__Incertae_Sedis;s__Rhynchosporium_secalis	0.9745740831923163
bdc91f173b4a8073525d34e0f2278e05	d__Bacteria;p__Candidatus_Eremiobacterota;c__Eremiobacteria;o__Incertae_Sedis;f__Incertae_Sedis;g__Incertae_Sedis;s__uncultured_bacterium	0.8829156477988576
fffc4f81f3e4cef013060f32d6ebf50a	d__Bacteria;p__Candidatus_Eremiobacterota;c__Eremiobacteria;o__Incertae_Sedis;f__Incertae_Sedis;g__Incertae_Sedis;s__uncultured_bacterium	0.8012733211688561
7fa5056b4a65ddb367a40ff8bc517d76	d__Bacteria;p__Pseudomonadota;c__Alphaproteobacteria;o__Hyphomicrobiales;f__Beijerinckiaceae;g__Methylovirgula;s__uncultured_bacterium	0.8677696826597587
86663b5edc486956758e0a6549628336	d__Bacteria;p__Actinomycetota;c__Actinobacteria;o__Frankiales;f__Acidothermaceae;g__Acidothermus;s__uncultured_Thermomonosporaceae	0.970532870974463
18541a9b1eb3867c52b91b38ecf92a70	d__Bacteria;p__Actinomycetota;c__Actinobacteria;o__Mycobacteriales;f__Mycobacteriaceae;g__Mycobacterium	0.999999980413047
720d9632a00f812b5b9ea16d3a56a095	d__Bacteria;p__Pseudomonadota;c__Alphaproteobacteria;o__Acetobacterales;f__Acetobacteraceae;g__Acidocella	0.9999998606761227
296f1b3f3a6ecd510460e63797061141	d__Bacteria;p__Actinomycetota;c__Actinobacteria;o__Frankiales;f__Acidothermaceae;g__Acidothermus;s__uncultured_Thermomonosporaceae	0.9805119700442878
a90fd3630b88949131bf95ba06b8f5f2	d__Bacteria;p__Pseudomonadota;c__Gammaproteobacteria;o__Gammaproteobacteria_Incertae_Sedis;f__Unknown_Family;g__Acidibacter;s__Acidibacter_ferrireducens	0.9430695548264785
48efdd36554f3f121ff32eb823cd13ba	d__Bacteria;p__Actinomycetota;c__Thermoleophilia;o__Solirubrobacterales;f__Solirubrobacteraceae;g__Conexibacter	0.964347883361296
fe0c8016eaaf81681f9069dd3e721d56	d__Bacteria;p__Actinomycetota;c__Thermoleophilia;o__Solirubrobacterales;f__Solirubrobacteraceae;g__Conexibacter	0.9668539985829032
dd4e1702adada42384871a9f52d0506d	d__Bacteria;p__Pseudomonadota;c__Alphaproteobacteria;o__Acetobacterales;f__Acetobacteraceae;g__Acidocella	0.9999998879538243
1b51517772fa5c52f40b699bd592e5ef	d__Bacteria;p__Pseudomonadota;c__Alphaproteobacteria;o__Rickettsiales;f__Mitochondria;g__Incertae_Sedis;s__Rhynchosporium_secalis	0.9800616076955587
e362ee51193f253ff78dc91b5b86b8d3	d__Bacteria;p__Planctomycetota;c__Planctomycetes;o__Isosphaerales;f__Isosphaeraceae;g__Aquisphaera	0.9916921762561062
d66edbf4646491138627aac0612e0f4e	d__Bacteria;p__Actinomycetota;c__Actinobacteria;o__Frankiales;f__Acidothermaceae;g__Acidothermus;s__uncultured_Thermomonosporaceae	0.9700531459805124
caf068e6bae8bcc2bec7c759f39c3249	d__Bacteria;p__Actinomycetota;c__Actinobacteria;o__Frankiales;f__Acidothermaceae;g__Acidothermus;s__uncultured_actinobacterium	0.8192748686859582
f6486008cc152266b4e2bec537a14e61	d__Bacteria;p__Pseudomonadota;c__Alphaproteobacteria;o__Rickettsiales;f__Mitochondria;g__Incertae_Sedis;s__Rhynchosporium_secalis	0.9800608840840267
046e1176e3131e8ceb554237d2293df0	d__Bacteria;p__Acidobacteriota;c__Acidobacteriae;o__Terriglobales;f__Acidobacteriaceae_(Subgroup_1);g__Occallatibacter;s__bacterium_enrichment	0.7053038222799686
b21d4c3e723512495fe57191546be7a7	d__Bacteria;p__Pseudomonadota;c__Alphaproteobacteria;o__Acetobacterales;f__Acetobacteraceae;g__Acidocella	0.9979230126404923
8c883e760933d4ba35dbf855a2c10b8f	d__Bacteria;p__Actinomycetota;c__Acidimicrobiia;o__Acidimicrobiales;f__Acidimicrobiaceae;g__Incertae_Sedis;s__uncultured_Actinomycetales	0.9658587718557168
6b4d9d6e922ac3495bb9774ca5bd9be9	d__Bacteria;p__Acidobacteriota;c__Acidobacteriae;o__Terriglobales;f__Acidobacteriaceae_(Subgroup_1);g__Occallatibacter;s__bacterium_enrichment	0.7960917092784834
79500defdae815acaea69f5c6fd64288	d__Bacteria;p__Actinomycetota;c__Actinobacteria;o__Mycobacteriales;f__Mycobacteriaceae;g__Mycobacterium	0.9999998467377619
13138fc8f15099ab8d782f813247a27f	d__Bacteria;p__Pseudomonadota;c__Alphaproteobacteria;o__Rickettsiales;f__Mitochondria;g__Incertae_Sedis;s__Rhynchosporium_secalis	0.9800682074154695
3b07edb9f6009e172032186024d6967b	d__Bacteria;p__Actinomycetota;c__Actinobacteria;o__Frankiales;f__Acidothermaceae;g__Acidothermus;s__uncultured_actinobacterium	0.8063050596995918
f3028ebc9ec43119a6cca5cc46a41dc4	d__Bacteria;p__Actinomycetota;c__Actinobacteria;o__Frankiales;f__Acidothermaceae;g__Acidothermus;s__uncultured_Thermomonosporaceae	0.979137210496811
71fa4d859370a505889188d6ebad6121	d__Bacteria;p__Dependentiae;c__Babeliae;o__Babeliales;f__Babeliaceae;g__Incertae_Sedis;s__uncultured_Candidatus	0.8280616004275637
45c19fb5bf41843474fc281ecffcb845	d__Bacteria;p__Pseudomonadota;c__Alphaproteobacteria;o__Rickettsiales;f__Mitochondria;g__Incertae_Sedis;s__Rhynchosporium_secalis	0.9843630711267048
e6c3721ae8f4e3cdb38c9f4e2f73dd49	d__Bacteria;p__Pseudomonadota;c__Alphaproteobacteria;o__Hyphomicrobiales;f__Beijerinckiaceae;g__Methylovirgula;s__uncultured_bacterium	0.9761138527951457
f4dad412f630740f129d78b06028f0db	d__Bacteria;p__Pseudomonadota;c__Alphaproteobacteria;o__Hyphomicrobiales;f__Beijerinckiaceae;g__Methylovirgula;s__uncultured_bacterium	0.9758791645370769
772387d5b66b56a4588d108824eab3ee	d__Bacteria;p__Actinomycetota;c__Thermoleophilia;o__Solirubrobacterales;f__Solirubrobacteraceae;g__Incertae_Sedis;s__soil_metagenome	0.9999235163718809
6d892596a2e69c6af6cca473e5581006	d__Bacteria;p__Actinomycetota;c__Thermoleophilia;o__Solirubrobacterales;f__Solirubrobacteraceae;g__Conexibacter;s__Conexibacter_sp.	0.8001440194338171
f1e67be4e5a579f3dfee3c986468fada	d__Bacteria;p__Actinomycetota;c__Thermoleophilia;o__Solirubrobacterales;f__Solirubrobacteraceae;g__Conexibacter	0.8955247579638107
99c0b1913c11223f20cee8698bc89aec	d__Bacteria;p__Dependentiae;c__Babeliae;o__Babeliales;f__Vermiphilaceae;g__Incertae_Sedis;s__uncultured_bacterium	0.8101121560314188
f0ec97585568652d87a15c4d71ca938b	d__Bacteria;p__Pseudomonadota;c__Gammaproteobacteria;o__Lysobacterales;f__Rhodanobacteraceae;g__Dyella	0.9473400315119394
afef38de5fbf6d186766ce00ca0c8b9b	d__Bacteria;p__Pseudomonadota;c__Alphaproteobacteria;o__Rickettsiales;f__Mitochondria;g__Incertae_Sedis	0.8652104886806676
8077db05a4ea6a4bfc149e52000d6253	d__Bacteria;p__Pseudomonadota;c__Alphaproteobacteria;o__Rickettsiales;f__Mitochondria;g__Incertae_Sedis	0.8354734863112712
e7bb952fb896b03ea6d9137439e09099	d__Bacteria;p__Acidobacteriota;c__Acidobacteriae;o__Terriglobales;f__Acidobacteriaceae_(Subgroup_1);g__Granulicella;s__uncultured_eubacterium	0.9578519618664577
3597928a0693fd6ecb503ab90dbb2375	d__Bacteria;p__Pseudomonadota;c__Alphaproteobacteria;o__Hyphomicrobiales;f__Beijerinckiaceae;g__Methylocapsa;s__uncultured_bacterium	0.8598561307175633
47de085c38eab059417821554761729b	d__Bacteria;p__Pseudomonadota;c__Alphaproteobacteria;o__Rickettsiales;f__Mitochondria;g__Incertae_Sedis;s__Rhynchosporium_secalis	0.9841041376442419
31b24f933d0902ed8d090adca1e57107	d__Bacteria;p__Cyanobacteriota;c__Cyanobacteriia;o__Chloroplast;f__Incertae_Sedis;g__Incertae_Sedis;s__Citrus_maxima	0.9813205604294979
9535ca713185c510b5d4fddc5e565e67	d__Bacteria;p__Actinomycetota;c__Actinobacteria;o__Mycobacteriales;f__Mycobacteriaceae;g__Mycobacterium	0.9999999798368024
0bdb5bd9a006e3cde1c81b50e61c07ba	d__Bacteria;p__Patescibacteria;c__Saccharimonadia;o__Saccharimonadales;f__Incertae_Sedis;g__Incertae_Sedis;s__uncultured_bacterium	0.9592267728233023
58ea517388ea69880053646537bfb00d	d__Bacteria;p__Bacillota;c__Sulfobacillia;o__Sulfobacillales;f__Sulfobacillaceae;g__Sulfobacillus;s__uncultured_Sulfobacillus	0.9989437432143493
49506908bf8c1f9cc5aa6094041717c2	d__Bacteria;p__Candidatus_Eremiobacterota;c__Eremiobacteria;o__Incertae_Sedis;f__Incertae_Sedis;g__Incertae_Sedis;s__uncultured_bacterium	0.8513793924602059
47a1031407741b935503d755995bb7a0	d__Bacteria;p__Pseudomonadota;c__Alphaproteobacteria;o__Acetobacterales;f__Acetobacteraceae;g__Acidocella	0.9999998998139192
3e3b43607bf1ce25b4f5292d20dc9c5d	d__Bacteria;p__Candidatus_Eremiobacterota;c__Eremiobacteria;o__Incertae_Sedis;f__Incertae_Sedis;g__Incertae_Sedis;s__uncultured_bacterium	0.765584895632271
fea3019b3e17e8d46a27f9d6f5240454	d__Bacteria;p__Actinomycetota;c__Actinobacteria;o__Frankiales;f__Acidothermaceae;g__Acidothermus;s__uncultured_actinobacterium	0.8002077027307514
b6203b7001f1532c8d6308e6a0cc4581	d__Bacteria;p__Pseudomonadota;c__Alphaproteobacteria;o__Rickettsiales;f__Mitochondria;g__Incertae_Sedis	0.7842508784795967
de816563a5efa780bf06083610f3bd64	d__Bacteria;p__Actinomycetota;c__Thermoleophilia;o__Solirubrobacterales;f__Solirubrobacteraceae;g__Incertae_Sedis;s__soil_metagenome	0.9999187310327341
9eb56f21667a551160168e75a45f8bb5	d__Bacteria;p__Actinomycetota;c__Acidimicrobiia;o__Acidimicrobiales;f__Acidimicrobiaceae;g__Acidiferrimicrobium	0.7724766603435694
a87a60a6d822692dd034b1c0b924c7a0	d__Bacteria;p__Actinomycetota;c__Actinobacteria;o__Frankiales;f__Acidothermaceae;g__Acidothermus;s__uncultured_Thermomonosporaceae	0.9722587100512222
b1eb6c054b60cf5a77fb1a632483de28	d__Bacteria	0.9999999999283821
3ee68ef0505be4d3c673ffc63d8ed122	d__Bacteria;p__Planctomycetota;c__Planctomycetes;o__Pirellulales;f__Pirellulaceae;g__Incertae_Sedis;s__metagenome	0.9147558849507584
a790e24139a9b4e7ac6890c94e45cfa9	d__Bacteria;p__Actinomycetota;c__Actinobacteria;o__Frankiales;f__Acidothermaceae;g__Acidothermus;s__uncultured_actinobacterium	0.8284116652842718
db3fad78439d24e484eeaede4cedd7b8	d__Bacteria;p__Actinomycetota;c__Actinobacteria;o__Frankiales;f__Acidothermaceae;g__Acidothermus;s__uncultured_actinobacterium	0.7966353010223756
a04c12789185cf3654277fcac463e568	d__Bacteria;p__Pseudomonadota;c__Alphaproteobacteria;o__Hyphomicrobiales;f__Beijerinckiaceae;g__Roseiarcus;s__uncultured_bacterium	0.9592552426195994
4bc26f69783054047bfd9c515a5256a8	d__Bacteria;p__Actinomycetota;c__Thermoleophilia;o__Solirubrobacterales;f__Solirubrobacteraceae;g__Conexibacter;s__Conexibacter_sp.	0.8206282659069253
86c39e48c27a740a1943b82647d8d881	d__Bacteria;p__Actinomycetota;c__Acidimicrobiia;o__Acidimicrobiales;f__Acidimicrobiaceae;g__Incertae_Sedis;s__uncultured_Actinomycetales	0.9698569975827926
e701aeab55d78fd629bfc2ce2598d350	d__Bacteria;p__Actinomycetota;c__Actinobacteria;o__Mycobacteriales;f__Mycobacteriaceae;g__Mycobacterium;s__uncultured_actinobacterium	0.7451674999022851
1cbaf55369b4a05c8aa9d475681c0a45	d__Bacteria;p__Actinomycetota;c__Actinobacteria;o__Frankiales;f__Acidothermaceae;g__Acidothermus;s__uncultured_Thermomonosporaceae	0.978460426638796
1e59d6072406eced897af7a877d0c812	d__Bacteria;p__Candidatus_Eremiobacterota;c__Eremiobacteria;o__Incertae_Sedis;f__Incertae_Sedis;g__Incertae_Sedis;s__uncultured_bacterium	0.7327825595152518
148c49891162241b9d5dc9793eba4c0c	d__Bacteria;p__Pseudomonadota;c__Alphaproteobacteria;o__Rickettsiales;f__Mitochondria;g__Incertae_Sedis;s__Rhynchosporium_secalis	0.9799234277113299
55574dc4d4770f242c08f45df9b83668	d__Bacteria;p__Dependentiae;c__Babeliae;o__Babeliales;f__Vermiphilaceae;g__Incertae_Sedis	0.9137650276130578
1b4a29d47ec492042765ad555ac74341	d__Bacteria;p__Pseudomonadota;c__Alphaproteobacteria;o__Acetobacterales;f__Acetobacteraceae;g__Acidocella	0.9999998502883456
be655fecd5437f884e7c9f35fd9322ef	d__Bacteria;p__Actinomycetota;c__Actinobacteria;o__Mycobacteriales;f__Mycobacteriaceae;g__Mycobacterium;s__Mycobacterium_heidelbergense	0.996524530226625
37b80eb006cec84d51a834ecec513dae	d__Bacteria;p__Actinomycetota;c__Thermoleophilia;o__Solirubrobacterales;f__Solirubrobacteraceae;g__Incertae_Sedis;s__soil_metagenome	0.9999316037595578
b4eb235c76cdb42ddac605db4336a619	d__Bacteria;p__Actinomycetota;c__Thermoleophilia;o__Solirubrobacterales;f__Solirubrobacteraceae;g__Conexibacter;s__uncultured_bacterium	0.972405869757178
078b197e3070879fac91d0bccb7bdeb5	d__Bacteria;p__Cyanobacteriota;c__Cyanobacteriia;o__Chloroplast;f__Incertae_Sedis;g__Incertae_Sedis;s__Citrus_maxima	0.9861140235567906
d537458a5731a976e07f4c6cd3aa15bc	d__Bacteria;p__Pseudomonadota;c__Alphaproteobacteria;o__Rickettsiales;f__Mitochondria;g__Incertae_Sedis	0.8540206307861387
ea8b9b6fc35f9b4146ea3e7bb3a333ca	d__Bacteria;p__Pseudomonadota;c__Alphaproteobacteria;o__Rickettsiales;f__Mitochondria;g__Incertae_Sedis	0.8540224630014673
804588cefb4796366bd36800a4903e6b	d__Bacteria;p__Pseudomonadota;c__Alphaproteobacteria;o__Acetobacterales;f__Acetobacteraceae	0.9999997914920367
e2eb9a4eb61988dc09c0a05c510be9e4	d__Bacteria;p__Pseudomonadota;c__Alphaproteobacteria;o__Rickettsiales;f__Mitochondria;g__Incertae_Sedis	0.9999999999867223
b61b4b789e7cfaeb429b795f29fe2f03	d__Bacteria;p__Pseudomonadota;c__Alphaproteobacteria;o__Rickettsiales;f__Mitochondria;g__Incertae_Sedis	0.999999999986656
54f36d1d1506036ba0909b33e2eacaab	d__Bacteria;p__Acidobacteriota;c__Acidobacteriae;o__Terriglobales;f__Acidobacteriaceae_(Subgroup_1);g__Granulicella;s__uncultured_eubacterium	0.9602617876124661
2fd1d65291ad4746be4caa2d439528e1	d__Bacteria;p__Pseudomonadota;c__Alphaproteobacteria;o__Rickettsiales;f__Mitochondria;g__Incertae_Sedis	0.9999999999870631
cf64ee5c2d42bf955cc0e0c9cf712108	d__Bacteria	0.9999882416246154
0e3940c1ae7054ebd6e1a7ecd3d29729	d__Bacteria;p__Pseudomonadota;c__Gammaproteobacteria;o__Burkholderiales;f__Alcaligenaceae;g__Bordetella;s__uncultured_bacterium	0.9777818770504659
6a3c560b170b4fb5904ff34e8af960cc	d__Bacteria;p__Actinomycetota;c__Actinobacteria;o__Mycobacteriales;f__Mycobacteriaceae;g__Mycobacterium;s__Mycobacterium_heidelbergense	0.9966251749531376
ce489fd17b875efa318c8e0450938cf4	d__Bacteria;p__Pseudomonadota;c__Alphaproteobacteria;o__Acetobacterales;f__Acetobacteraceae;g__Acidisoma;s__Acidisoma_sp.	0.7546349117264719
46c04ea01151a7ebfbe34fa665de2930	d__Bacteria;p__Actinomycetota;c__Acidimicrobiia;o__Acidimicrobiales;f__Acidimicrobiaceae;g__Acidiferrimicrobium	0.7811857295330489
b276316b37b6d1b7d03b95d66e3b5bb4	d__Bacteria;p__Acidobacteriota;c__Acidobacteriae;o__Terriglobales;f__Acidobacteriaceae_(Subgroup_1);g__Occallatibacter	0.9755439045966908
5896e25b84ef219c516be2b772920421	d__Bacteria;p__Pseudomonadota;c__Gammaproteobacteria;o__Rickettsiellales;f__Rickettsiellaceae;g__Incertae_Sedis	0.999999267320597
30307b2bcf01a6ee585566ec1a404c11	d__Bacteria;p__Pseudomonadota;c__Alphaproteobacteria;o__Acetobacterales;f__Acetobacteraceae;g__Acidocella	0.9976495454897667
349d116cdcd7c248a7f45e642573ab79	d__Bacteria;p__Actinomycetota;c__Actinobacteria;o__Mycobacteriales;f__Mycobacteriaceae;g__Mycobacterium;s__uncultured_actinobacterium	0.7242508773211517
16998ccdc49acb941ffd4579dbcbd2d6	d__Bacteria;p__Actinomycetota;c__Thermoleophilia;o__Solirubrobacterales;f__Solirubrobacteraceae;g__Conexibacter	0.9926565374770049
8f429561ca4fd23b042049aa339afb0f	d__Bacteria;p__Actinomycetota;c__Actinobacteria;o__Frankiales;f__Acidothermaceae;g__Acidothermus;s__uncultured_Thermomonosporaceae	0.9814276949866925
73d7d44b5b16d93a3238e147406c3705	d__Bacteria;p__Actinomycetota;c__Actinobacteria;o__Frankiales;f__Acidothermaceae;g__Acidothermus;s__uncultured_actinobacterium	0.7875320682231299
0eeb1f549bb751f595718986ada462b3	d__Bacteria;p__Actinomycetota;c__Thermoleophilia;o__Solirubrobacterales;f__Solirubrobacteraceae;g__Conexibacter;s__Conexibacter_sp.	0.8150352852244638
ee064ea23403c845a73f78ff405fefbd	d__Bacteria;p__Actinomycetota;c__Acidimicrobiia;o__Acidimicrobiales;f__Acidimicrobiaceae;g__Acidiferrimicrobium;s__actinobacterium_BGR	0.9997686253459488
637510f71a542af3c8a15ede67826885	d__Bacteria;p__Pseudomonadota;c__Alphaproteobacteria;o__Acetobacterales;f__Acetobacteraceae;g__Acidocella	0.9999998752786677
044a1504f80306ddecddc4205d32fe51	d__Bacteria;p__Planctomycetota;c__Planctomycetes;o__Isosphaerales;f__Isosphaeraceae;g__Aquisphaera	0.9959838340597494
14919e01b1728d2b192dad7907f36f81	d__Bacteria;p__Acidobacteriota;c__Acidobacteriae;o__Terriglobales;f__Acidobacteriaceae_(Subgroup_1);g__Occallatibacter;s__bacterium_enrichment	0.7444673951621806
3d475748f695dbfd948dcfb2fdf82cca	d__Bacteria;p__Pseudomonadota;c__Alphaproteobacteria;o__Hyphomicrobiales;f__Beijerinckiaceae;g__Roseiarcus;s__uncultured_bacterium	0.9630168144712954
472cf2b82b33ee3ac14af1f20bb34964	d__Bacteria;p__Pseudomonadota;c__Gammaproteobacteria;o__Rickettsiellales;f__Rickettsiellaceae;g__Incertae_Sedis	0.9999994902571036
d167b3285733f0f88fbc0d768e455ea3	d__Bacteria	0.999846039018782
d6546bfe7e5300184de5c6739cf248db	d__Bacteria;p__Actinomycetota;c__Thermoleophilia;o__Solirubrobacterales;f__Solirubrobacteraceae;g__Conexibacter;s__uncultured_bacterium	0.7583481873236874
ea457decc0f48415e413281163c3493e	d__Bacteria;p__Actinomycetota;c__Acidimicrobiia;o__Acidimicrobiales;f__Acidimicrobiaceae;g__Incertae_Sedis;s__uncultured_Actinomycetales	0.9959099796544324
4e185df7e6726eca5b6edb168fc8405f	d__Bacteria;p__Pseudomonadota;c__Alphaproteobacteria;o__Acetobacterales;f__Acetobacteraceae;g__Acidocella	0.9999998963370427
59b899269ac8af0dff8a733c169432b4	d__Bacteria;p__Actinomycetota;c__Thermoleophilia;o__Solirubrobacterales;f__Solirubrobacteraceae;g__Conexibacter	0.9767086200862675
cba20f0c22f15761ee691b3f2750f9d4	d__Bacteria;p__Actinomycetota;c__Actinobacteria;o__Frankiales;f__Acidothermaceae;g__Acidothermus;s__uncultured_Thermomonosporaceae	0.976585520281257
e8ee62c65f5fe9047760eb9dacafc0a9	d__Bacteria;p__Pseudomonadota;c__Alphaproteobacteria;o__Acetobacterales;f__Acetobacteraceae;g__Acidocella	0.9999998764448232
ce48402e0eb65700ca90be093f1a32a8	d__Bacteria;p__Actinomycetota;c__Actinobacteria;o__Frankiales;f__Acidothermaceae;g__Acidothermus;s__uncultured_Thermomonosporaceae	0.9802959996355998
b2bf943b4fca12b634969bf2af8a77a4	d__Bacteria;p__Actinomycetota;c__Actinobacteria;o__Frankiales;f__Acidothermaceae;g__Acidothermus;s__uncultured_Thermomonosporaceae	0.980823263499933
f80f59a4273266aa993eb04906a5b2dd	d__Bacteria;p__Acidobacteriota;c__Acidobacteriae;o__Terriglobales;f__Acidobacteriaceae_(Subgroup_1);g__Acidobacterium;s__uncultured_bacterium	0.7661454903155078
76120eb48262388631eaf58f0f531634	d__Bacteria;p__Pseudomonadota;c__Gammaproteobacteria;o__Rickettsiellales;f__Rickettsiellaceae;g__Incertae_Sedis	0.9999995230429299
15c41382f798d8b94271af01fe34fd4e	d__Bacteria;p__Cyanobacteriota;c__Cyanobacteriia;o__Chloroplast;f__Incertae_Sedis;g__Incertae_Sedis;s__Citrus_maxima	0.9812910767279137
1574e7f4a66147452db911d1eb780939	d__Bacteria;p__Pseudomonadota;c__Alphaproteobacteria;o__Rickettsiales;f__Mitochondria;g__Incertae_Sedis	0.9999881605295889
735fb2c4624d1a6a343e6c0938563544	d__Bacteria;p__Pseudomonadota;c__Alphaproteobacteria;o__Acetobacterales;f__Acetobacteraceae;g__Acidocella	0.9999998710644123
7d836a6f5b34ec6abe3db83adae21370	d__Bacteria;p__Chlamydiota;c__Chlamydiia;o__Chlamydiales;f__Simkaniaceae;g__Incertae_Sedis;s__uncultured_bacterium	0.886208563154841
ae30582a36f5b24334fc3c1b9f6de36e	d__Bacteria;p__Actinomycetota;c__Actinobacteria;o__Frankiales;f__Acidothermaceae;g__Acidothermus;s__uncultured_Thermomonosporaceae	0.9796336550137184
8d0e2276c3d44721f481522a4799bced	d__Bacteria;p__Actinomycetota;c__Actinobacteria;o__Frankiales;f__Acidothermaceae;g__Acidothermus;s__uncultured_Thermomonosporaceae	0.9633880111529859
3cadd0cc0a61a82adecc9b260cd19ad1	d__Bacteria;p__Pseudomonadota;c__Alphaproteobacteria;o__Rickettsiales;f__Mitochondria;g__Incertae_Sedis;s__Rhynchosporium_secalis	0.9800682999865666
0cc371c859da0be6e579f3b78e612cc6	d__Bacteria;p__Actinomycetota;c__Actinobacteria;o__Frankiales;f__Acidothermaceae;g__Acidothermus;s__uncultured_Thermomonosporaceae	0.9732900685317496
f86eb1dd5ad73663ce49b6d5d90b2e4b	d__Bacteria;p__Pseudomonadota;c__Alphaproteobacteria;o__Acetobacterales;f__Acetobacteraceae;g__Acidocella	0.999999821452898
775dc430174831bfa5029f140192d490	d__Bacteria;p__Planctomycetota;c__Phycisphaerae;o__Tepidisphaerales;f__WD2101_soil_group;g__Incertae_Sedis;s__uncultured_bacterium	0.8471950246802181
254e68aaa53badfa750ec7efe21ee486	d__Bacteria;p__Candidatus_Eremiobacterota;c__Eremiobacteria;o__Incertae_Sedis;f__Incertae_Sedis;g__Incertae_Sedis;s__uncultured_bacterium	0.7209384882895472
7d6976c620a70a285fc26ad59b406c74	d__Bacteria;p__Actinomycetota;c__Actinobacteria;o__Frankiales;f__Acidothermaceae;g__Acidothermus;s__uncultured_actinobacterium	0.7960701575021271
cfd4984e9d443aae3b7e7efceae65137	d__Bacteria;p__Cyanobacteriota;c__Cyanobacteriia;o__Chloroplast;f__Incertae_Sedis;g__Incertae_Sedis;s__Citrus_maxima	0.9814238008051525
a99fa62f433c11d31fcfc17367177ecc	d__Bacteria;p__Actinomycetota;c__Actinobacteria;o__Mycobacteriales;f__Mycobacteriaceae;g__Mycobacterium	0.9999999679628644
cb157a06ab799a12d171d2ccf4052b1b	d__Bacteria;p__Actinomycetota;c__Acidimicrobiia;o__Acidimicrobiales;f__Acidimicrobiaceae;g__Incertae_Sedis	0.9877445724939451
5bb900338fa5721fb3ef81eceaa3734f	d__Bacteria;p__Pseudomonadota;c__Alphaproteobacteria;o__Hyphomicrobiales;f__Beijerinckiaceae;g__Roseiarcus;s__uncultured_bacterium	0.9592552274043838
2eccda77d0887861ace175d6e6a0d613	d__Bacteria;p__Actinomycetota;c__Thermoleophilia;o__Solirubrobacterales;f__Solirubrobacteraceae;g__Conexibacter;s__uncultured_Conexibacteraceae	0.9281706375262316
e0bdcb9819dfa43dfa403672530f47ea	d__Bacteria;p__Acidobacteriota;c__Acidobacteriae;o__Terriglobales;f__Acidobacteriaceae_(Subgroup_1);g__Granulicella;s__uncultured_eubacterium	0.9595364902181364
243da64e9a825d8239e0debd57ca9262	d__Bacteria;p__Pseudomonadota;c__Alphaproteobacteria;o__Rickettsiales;f__Mitochondria;g__Incertae_Sedis;s__Paracoccidioides_brasiliensis	0.8675036642415958
b662b25c7f0ebecbf85ba81dbd3c1c57	d__Bacteria;p__Actinomycetota;c__Thermoleophilia;o__Solirubrobacterales;f__Solirubrobacteraceae;g__Conexibacter;s__uncultured_bacterium	0.9688854718677357
ee51eb834041bdaef0081f8e63c51f6c	d__Bacteria;p__Pseudomonadota;c__Gammaproteobacteria;o__Lysobacterales;f__Rhodanobacteraceae;g__Dyella	0.9611868561716841
cdcd141f13f109d31af2c288817ace43	d__Bacteria;p__Pseudomonadota;c__Gammaproteobacteria;o__Lysobacterales;f__Rhodanobacteraceae;g__Dyella	0.9631168972351591
304f3edcc933e68443f3cb12406ceff5	d__Bacteria;p__Pseudomonadota;c__Gammaproteobacteria;o__Lysobacterales;f__Rhodanobacteraceae;g__Dyella	0.9616366436853697
40680915600026294cb2b2e938ea2f32	d__Bacteria;p__Pseudomonadota;c__Alphaproteobacteria;o__Rickettsiales;f__Mitochondria;g__Incertae_Sedis	0.8698428154622182
630e1722561606e4cfcf58aafcc34e2f	d__Bacteria;p__Pseudomonadota;c__Alphaproteobacteria;o__Rickettsiales;f__Mitochondria;g__Incertae_Sedis	0.8434384049799524
f5c16c5a7db56d6ed43726beb0175f19	d__Bacteria;p__Pseudomonadota;c__Alphaproteobacteria;o__Rickettsiales;f__Mitochondria;g__Incertae_Sedis	0.8573013337696255
bb3889df91289a300735a9bad7b32d06	d__Bacteria;p__Actinomycetota;c__Thermoleophilia;o__Solirubrobacterales;f__Solirubrobacteraceae;g__Conexibacter;s__uncultured_Conexibacteraceae	0.9374770795036674
d7270fe526d12a1cbe81453540f40e89	d__Bacteria;p__Actinomycetota;c__Thermoleophilia;o__Solirubrobacterales;f__Solirubrobacteraceae;g__Conexibacter;s__uncultured_bacterium	0.9466151961165664
e08af4a649496613a9e1377e3a344000	d__Bacteria;p__Actinomycetota;c__Thermoleophilia;o__Solirubrobacterales;f__Solirubrobacteraceae;g__Conexibacter;s__uncultured_Conexibacteraceae	0.9293686253574898
39b231d66173b73d25d0b7e9fe1ae0cc	d__Bacteria	0.9999854043797235
1edac700fc26e4d6e666c1e736f6936e	d__Bacteria;p__Actinomycetota;c__Actinobacteria;o__Frankiales;f__Acidothermaceae;g__Acidothermus;s__uncultured_Thermomonosporaceae	0.9733570685313453
5580c4f64b2165026d7f349963ac6041	d__Bacteria;p__Actinomycetota;c__Actinobacteria;o__Frankiales;f__Acidothermaceae;g__Acidothermus;s__uncultured_Thermomonosporaceae	0.9718367049115051
883ba192dc3d3156daabf7a0e8d6012c	d__Bacteria;p__Planctomycetota;c__Planctomycetes;o__Isosphaerales;f__Isosphaeraceae;g__Aquisphaera	0.9911979508998399
6da7160142913bea3aca597873e3805c	d__Bacteria;p__Patescibacteria;c__Saccharimonadia;o__Saccharimonadales;f__Incertae_Sedis;g__Incertae_Sedis;s__uncultured_bacterium	0.8254885484502411
78010e1fd97786a88b304974805bd612	d__Bacteria;p__Actinomycetota;c__Thermoleophilia;o__Solirubrobacterales;f__Solirubrobacteraceae;g__Conexibacter	0.9132253726471445
4daafa6714dd225fa90e50f088e1b369	d__Bacteria	0.9997145722096973
7890065384d34f233f637ae347610bf1	d__Bacteria;p__Actinomycetota;c__Thermoleophilia;o__Solirubrobacterales;f__Solirubrobacteraceae;g__Conexibacter	0.7641548062868821
034747607e628f6ac11edb25560fbbe1	d__Bacteria;p__Actinomycetota;c__Actinobacteria;o__Frankiales;f__Acidothermaceae;g__Acidothermus;s__uncultured_Thermomonosporaceae	0.981427695031239
16d5fb2ee00d13d011de1d643b87edde	d__Bacteria;p__Actinomycetota;c__Actinobacteria;o__Frankiales;f__Acidothermaceae;g__Acidothermus;s__uncultured_Thermomonosporaceae	0.9758280110469305
917f137ebd78ce92d212da0976327ddc	d__Bacteria;p__Pseudomonadota;c__Alphaproteobacteria;o__Rickettsiales;f__Mitochondria;g__Incertae_Sedis;s__Rhynchosporium_secalis	0.9842122599992496
77cf15145b3bb5252164e6bf8f6753ab	d__Bacteria;p__Pseudomonadota;c__Alphaproteobacteria;o__Rickettsiales;f__Mitochondria;g__Incertae_Sedis;s__Arachis_hypogaea	0.7726503796273849
15744bed0a7acd2bb02215ce153221a5	d__Bacteria;p__Actinomycetota;c__Actinobacteria;o__Mycobacteriales;f__Mycobacteriaceae;g__Mycobacterium	0.9999999799448305
440df12da04e85b1879046aa169e6c2f	d__Bacteria;p__Actinomycetota;c__Actinobacteria;o__Frankiales;f__Acidothermaceae;g__Acidothermus;s__uncultured_Thermomonosporaceae	0.9728681086679368
f30f79b9f6fa72285e690fe51af80687	d__Bacteria;p__Pseudomonadota;c__Alphaproteobacteria;o__Acetobacterales;f__Acetobacteraceae;g__Acidocella;s__uncultured_Acidocella	0.7171907670605833
86cb6b0d50526f45eb4d03737b99cd62	d__Bacteria;p__Pseudomonadota;c__Alphaproteobacteria;o__Acetobacterales;f__Acetobacteraceae;g__Acidocella	0.9999998873201361
2c39502df7bbbb2e8e61f1232ac03c34	d__Bacteria;p__Candidatus_Eremiobacterota;c__Eremiobacteria;o__Incertae_Sedis;f__Incertae_Sedis;g__Incertae_Sedis;s__uncultured_bacterium	0.7339436542898402
aff0b586e01f86cc61e672cacc3dc9a0	d__Bacteria;p__Pseudomonadota;c__Alphaproteobacteria;o__Acetobacterales;f__Acetobacteraceae;g__Acidocella	0.999999910850701
743556c95c46e013779c6ac26545c47c	d__Bacteria;p__Pseudomonadota;c__Alphaproteobacteria;o__Acetobacterales;f__Acetobacteraceae;g__Acidocella	0.9999998968183539
c04e9166728bdd43488d0f41b61a33c4	d__Bacteria;p__Actinomycetota;c__Thermoleophilia;o__Solirubrobacterales;f__Solirubrobacteraceae;g__Conexibacter	0.9785469452037813
cfda7a72f207e40d88f2b8e7f040ec0f	d__Bacteria;p__Planctomycetota;c__Phycisphaerae;o__Tepidisphaerales;f__WD2101_soil_group;g__Incertae_Sedis;s__uncultured_bacterium	0.9579444301367974
4f8f0e71204a6e6d9932ea619575fa78	d__Bacteria;p__Pseudomonadota;c__Alphaproteobacteria;o__Rickettsiales;f__Mitochondria;g__Incertae_Sedis;s__Rhynchosporium_secalis	0.9800630401773186
c215e28f8fa29c2947b351ad78d2f418	d__Bacteria;p__Pseudomonadota;c__Alphaproteobacteria;o__Acetobacterales;f__Acetobacteraceae;g__Acidocella	0.9999999021253452
2e5855c36de2097627db5882378586c6	d__Bacteria;p__Acidobacteriota;c__Acidobacteriae;o__Terriglobales;f__Acidobacteriaceae_(Subgroup_1);g__Occallatibacter	0.8523382893345685
c41192e2b917e5acf2fdfc4ef14359c6	d__Bacteria;p__Actinomycetota;c__Acidimicrobiia;o__Acidimicrobiales;f__Acidimicrobiaceae;g__Incertae_Sedis;s__uncultured_Actinomycetales	0.9951759867970108
82d7873ddb518d0b7eae0ced86776e82	d__Bacteria;p__Actinomycetota;c__Actinobacteria;o__Frankiales;f__Acidothermaceae;g__Acidothermus;s__uncultured_actinobacterium	0.9687207218518525
521780dfddc392c64842ca20fad914d8	d__Bacteria;p__Planctomycetota;c__Planctomycetes;o__Isosphaerales;f__Isosphaeraceae;g__Aquisphaera	0.9887643463956903
ef67f20599d5d2b27e422286ac715cb6	d__Bacteria;p__Chlamydiota;c__Chlamydiia;o__Chlamydiales;f__cvE6;g__Incertae_Sedis;s__uncultured_bacterium	0.9461628999149145
cd54afd32a4cebcfd303aec3e2174ecd	d__Bacteria;p__Candidatus_Eremiobacterota;c__Eremiobacteria;o__Incertae_Sedis;f__Incertae_Sedis;g__Incertae_Sedis;s__uncultured_bacterium	0.7115020769727877
593605dbd638801b331bd108dc40464a	d__Bacteria;p__Acidobacteriota;c__Acidobacteriae;o__Terriglobales;f__Acidobacteriaceae_(Subgroup_1);g__Occallatibacter;s__bacterium_enrichment	0.7187078313034893
f89f0f8807b743bf5b3c1213c3f1d978	d__Bacteria;p__Acidobacteriota;c__Acidobacteriae;o__Terriglobales;f__Acidobacteriaceae_(Subgroup_1);g__Occallatibacter	0.8162606085066876
16a870e6101738f7586ad427197e5371	d__Bacteria;p__Actinomycetota;c__Thermoleophilia;o__Solirubrobacterales;f__Solirubrobacteraceae;g__Conexibacter	0.9763149523987898
07158a00edbcf6422a1b96ac5b6a5d96	d__Bacteria;p__Actinomycetota;c__Actinobacteria;o__Frankiales;f__Acidothermaceae;g__Acidothermus;s__uncultured_Thermomonosporaceae	0.9644913831127664
7610ef2b125cb12bc583329012499492	d__Bacteria;p__Cyanobacteriota;c__Cyanobacteriia;o__Chloroplast;f__Incertae_Sedis;g__Incertae_Sedis;s__Citrus_maxima	0.981424716508193
bcc45d7d16da397f724cc8db43e2f1ed	d__Bacteria;p__Actinomycetota;c__Actinobacteria;o__Frankiales;f__Acidothermaceae;g__Acidothermus;s__uncultured_actinobacterium	0.7498230141100908
0a184d14302471c00c802d01971908d6	d__Bacteria;p__Pseudomonadota;c__Alphaproteobacteria;o__Acetobacterales;f__Acetobacteraceae;g__Acidocella	0.9999998808276861
71be6437e0eea0e4e3cbdb8025bab090	d__Bacteria;p__Planctomycetota;c__Planctomycetes;o__Isosphaerales;f__Isosphaeraceae;g__Aquisphaera	0.9947296850020315
484e4d2e08f2360402bb19c043f9c3f9	d__Bacteria;p__Actinomycetota;c__Thermoleophilia;o__Solirubrobacterales;f__Solirubrobacteraceae;g__Conexibacter;s__uncultured_Conexibacteraceae	0.9333240551677953
320c1232bc4cfbfc35601213f46168bf	d__Bacteria;p__Pseudomonadota;c__Gammaproteobacteria;o__Burkholderiales;f__Alcaligenaceae;g__Bordetella;s__uncultured_bacterium	0.9577626977760766
a48325f0d4c8fd9f798d2090e1001785	d__Bacteria;p__Pseudomonadota;c__Alphaproteobacteria;o__Rickettsiales;f__Mitochondria;g__Incertae_Sedis	0.844182881841273
917d93ebeebd6fea561c744a1c1cebaf	d__Bacteria;p__Pseudomonadota;c__Alphaproteobacteria;o__Rickettsiales;f__Mitochondria;g__Incertae_Sedis	0.8627614913155685
88d6d668739819f9bb28fdd5510452b4	d__Bacteria;p__Pseudomonadota;c__Alphaproteobacteria;o__Rickettsiales;f__Mitochondria;g__Incertae_Sedis	0.8332026147014668
d98dc9abb8cf4023105e2ef646e45af7	d__Bacteria;p__Actinomycetota;c__Thermoleophilia;o__Solirubrobacterales;f__Solirubrobacteraceae;g__Conexibacter;s__uncultured_bacterium	0.953072682107402
9ddaa17055e5c667ec93a84d0e9237f4	d__Bacteria	0.999864312046552
8ce28e0b5bac9d38f0599ee07a8df3af	d__Bacteria;p__Actinomycetota;c__Thermoleophilia;o__Solirubrobacterales;f__Solirubrobacteraceae;g__Conexibacter;s__uncultured_Conexibacteraceae	0.9374748754166654
098cfeb8e75434c377112f4c8e06eefe	d__Bacteria;p__Actinomycetota;c__Thermoleophilia;o__Solirubrobacterales;f__Solirubrobacteraceae;g__Conexibacter;s__uncultured_Conexibacteraceae	0.9139316551341431
83e7bd02190d998b3c14e6165b53275e	d__Bacteria;p__Patescibacteria;c__Saccharimonadia;o__Saccharimonadales;f__Incertae_Sedis;g__Incertae_Sedis;s__uncultured_bacterium	0.8484820699212781
55564eb72b02d5ebd8aacad39b630d2b	d__Bacteria;p__Pseudomonadota;c__Alphaproteobacteria;o__Hyphomicrobiales;f__Beijerinckiaceae;g__Methylocapsa;s__uncultured_bacterium	0.8599713611434782
b81f7b23035e21ea18d0ee15d208bd62	d__Bacteria;p__Actinomycetota;c__Thermoleophilia;o__Solirubrobacterales;f__Solirubrobacteraceae;g__Conexibacter	0.9859422373845932
5c197f0dd56c7bbca62035d117b94735	d__Bacteria;p__Acidobacteriota;c__Acidobacteriae;o__Terriglobales;f__Acidobacteriaceae_(Subgroup_1);g__Occallatibacter;s__bacterium_enrichment	0.7076338621695489
b78d6c6f8ca2cd58a918033dd693897a	d__Bacteria;p__Pseudomonadota;c__Alphaproteobacteria;o__Rickettsiales;f__Mitochondria;g__Incertae_Sedis;s__Rhynchosporium_secalis	0.9876130630841893
48d06669d64d16efe6c17a8f1b66076d	d__Bacteria;p__Actinomycetota;c__Actinobacteria;o__Frankiales;f__Acidothermaceae;g__Acidothermus;s__uncultured_Thermomonosporaceae	0.9683190946990639
790c57cda1c890aebb06026550d307b5	d__Bacteria;p__Actinomycetota;c__Acidimicrobiia;o__Acidimicrobiales;f__Acidimicrobiaceae;g__Acidiferrimicrobium;s__actinobacterium_BGR	0.9997483530279169
e434b38124f28541a9155c872e75f436	d__Bacteria;p__Pseudomonadota;c__Alphaproteobacteria;o__Acetobacterales;f__Acetobacteraceae;g__Acidocella	0.999999875750361
5ad6de4e19183dda5ca9439d25d0339e	d__Bacteria;p__Pseudomonadota;c__Alphaproteobacteria;o__Acetobacterales;f__Acetobacteraceae;g__Acidocella;s__uncultured_Acidocella	0.7172135772413875
1018c0f1d2593b54799240f3853de8ab	d__Bacteria;p__Pseudomonadota;c__Alphaproteobacteria;o__Rickettsiales;f__Mitochondria;g__Incertae_Sedis;s__Rhynchosporium_secalis	0.9841935113652339
f819ee45741c69078f5826f88996edc0	d__Bacteria;p__Dependentiae;c__Babeliae;o__Babeliales;f__Incertae_Sedis;g__UBA12409;s__uncultured_Candidatus	0.9323660460288256
674ed4985bce3777a1acad0f8d46eb09	d__Bacteria;p__Actinomycetota;c__Acidimicrobiia;o__Acidimicrobiales;f__Acidimicrobiaceae;g__Acidiferrimicrobium;s__uncultured_thermal	0.8782021376433358
39702cdf2027f048e8026f6895fc4898	d__Bacteria;p__Actinomycetota;c__Thermoleophilia;o__Solirubrobacterales;f__Solirubrobacteraceae;g__Conexibacter;s__uncultured_bacterium	0.7608586205159997
734bccab03e0f75fa837eba71341824c	d__Bacteria;p__Candidatus_Eremiobacterota;c__Eremiobacteria;o__Incertae_Sedis;f__Incertae_Sedis;g__Incertae_Sedis;s__uncultured_bacterium	0.7905937561841455
703bbb771b4f0fb2d13aa733bc48ea9e	d__Bacteria;p__Actinomycetota;c__Thermoleophilia;o__Solirubrobacterales;f__Solirubrobacteraceae;g__Conexibacter	0.9320250322951423
09a2efda222e63ed49e651af02b5fec8	d__Bacteria;p__Pseudomonadota;c__Alphaproteobacteria;o__Acetobacterales;f__Acetobacteraceae;g__Acidocella	0.9999998954145942
5769a57a536943356b1f1a894e6b2a86	d__Bacteria;p__Planctomycetota;c__Planctomycetes;o__Isosphaerales;f__Isosphaeraceae;g__Aquisphaera	0.9901565642035128
19c6db1ac032e75cf4dbe49e911fa019	d__Bacteria;p__Actinomycetota;c__Acidimicrobiia;o__Acidimicrobiales;f__Acidimicrobiaceae;g__Acidiferrimicrobium;s__uncultured_thermal	0.8500303659223861
05a716d8a84d8f284a40a04cde0771dd	d__Bacteria;p__Actinomycetota;c__Acidimicrobiia;o__Acidimicrobiales;f__Acidimicrobiaceae;g__Acidiferrimicrobium;s__uncultured_thermal	0.7476999787538475
08e9025e0c63d5b45ed587c020cef829	d__Bacteria;p__Patescibacteria;c__Saccharimonadia;o__Saccharimonadales;f__Incertae_Sedis;g__Incertae_Sedis;s__uncultured_bacterium	0.7953654523182848
27453c4468984e877467a127af80d80b	d__Bacteria;p__Actinomycetota;c__Acidimicrobiia;o__Acidimicrobiales;f__Acidimicrobiaceae;g__Acidiferrimicrobium	0.9976219367493797
6a637a6b812c37b75fc6e35c262b4413	d__Bacteria;p__Chlamydiota;c__Chlamydiia;o__Chlamydiales;f__Chlamydiaceae;g__Incertae_Sedis;s__metagenome	0.7480304138434101
aee55eee13038f976e0f454ce7452387	d__Bacteria;p__Candidatus_Eremiobacterota;c__Eremiobacteria;o__Incertae_Sedis;f__Incertae_Sedis;g__Incertae_Sedis;s__uncultured_bacterium	0.7678762164045467
322e563fe8f7d4c1e1b2b2e41b119755	d__Bacteria;p__Candidatus_Eremiobacterota;c__Eremiobacteria;o__Incertae_Sedis;f__Incertae_Sedis;g__Incertae_Sedis;s__uncultured_bacterium	0.812556324154389
46d34077f1a58240267d65b38e183a31	d__Bacteria;p__Pseudomonadota;c__Gammaproteobacteria;o__Gammaproteobacteria_Incertae_Sedis;f__Unknown_Family;g__Acidibacter;s__Acidibacter_ferrireducens	0.8738437019164516
a79ecb197db3575ce1cad26b8b1fc294	d__Bacteria;p__Patescibacteria;c__Saccharimonadia;o__Saccharimonadales;f__Incertae_Sedis;g__Incertae_Sedis;s__uncultured_bacterium	0.9057144510718894
7885be743a4532c573cbed80aab5731c	d__Bacteria;p__Pseudomonadota;c__Alphaproteobacteria;o__Hyphomicrobiales;f__Beijerinckiaceae;g__Roseiarcus;s__uncultured_bacterium	0.9630168116040487
5b49777759e59a4ed3030bb6f735a78e	d__Bacteria;p__Patescibacteria;c__Saccharimonadia;o__Saccharimonadales;f__Incertae_Sedis;g__Incertae_Sedis;s__uncultured_bacterium	0.7579043618003731
e013522b13a548293d87bfde00bd1f6a	d__Bacteria;p__Actinomycetota;c__Actinobacteria;o__Mycobacteriales;f__Mycobacteriaceae;g__Mycobacterium	0.9999998735675975
273697f6d2118d5dfb6f2c1fe12502f4	d__Bacteria;p__Actinomycetota;c__Thermoleophilia;o__Solirubrobacterales;f__Solirubrobacteraceae;g__Conexibacter	0.745537339623403
1772cdc168b10d778820273c136e35a7	d__Bacteria;p__Pseudomonadota;c__Alphaproteobacteria;o__Hyphomicrobiales;f__Beijerinckiaceae;g__Methylocapsa;s__uncultured_bacterium	0.8599729262122754
3f4c8cfaf456c314d4dca149fa33aa82	d__Bacteria;p__Actinomycetota;c__Thermoleophilia;o__Solirubrobacterales;f__Solirubrobacteraceae;g__Conexibacter	0.9918708677488657
f0fa6437556c72a0f3109f33547cee70	d__Bacteria	0.9995087376272774
4e51eda16d0d3828d0e3a6e1a9183064	d__Bacteria	0.9997589521629409
6f2521eaac495913ef00d5d98a07e62e	d__Bacteria;p__Pseudomonadota;c__Gammaproteobacteria;o__Burkholderiales;f__Alcaligenaceae;g__Bordetella;s__uncultured_bacterium	0.956286504140635
f6a2e7a15bde5889f31188b03517a4f2	d__Bacteria;p__Actinomycetota;c__Thermoleophilia;o__Solirubrobacterales;f__Solirubrobacteraceae;g__Conexibacter	0.8889582987905121
1fea8efd5062564d7717256ecc6a3d20	d__Bacteria;p__Actinomycetota;c__Thermoleophilia;o__Solirubrobacterales;f__Solirubrobacteraceae;g__Conexibacter;s__uncultured_bacterium	0.9653754151829316
8a4380f3f2a06a23e888345d2f4a7b27	d__Bacteria;p__Actinomycetota;c__Thermoleophilia;o__Solirubrobacterales;f__Solirubrobacteraceae;g__Conexibacter;s__uncultured_bacterium	0.9677223102118925
3a8aec1f9574c41b69f45efdabbf876a	d__Bacteria;p__Pseudomonadota;c__Alphaproteobacteria;o__Rickettsiales;f__Mitochondria;g__Incertae_Sedis	0.8324067826260274
3938dde47158b6bb55e465fef437919a	d__Bacteria	0.9994733453582557
206233842b8053cab5c74d5f6a18fb73	d__Bacteria;p__Acidobacteriota;c__Acidobacteriae;o__Terriglobales;f__Acidobacteriaceae_(Subgroup_1);g__Acidobacterium;s__uncultured_bacterium	0.7505623501227611
850a598e82571e8451298692053a0b54	d__Bacteria;p__Pseudomonadota;c__Alphaproteobacteria;o__Rickettsiales;f__Mitochondria;g__Incertae_Sedis;s__Paracoccidioides_brasiliensis	0.8613205041752496
280bcc0332d160d9bf31a2714bfb692e	d__Bacteria;p__Pseudomonadota;c__Alphaproteobacteria;o__Rickettsiales;f__Mitochondria;g__Incertae_Sedis;s__Rhynchosporium_secalis	0.9999311879201577
e7c34d8a7a001920c21ef5a1cafe927c	d__Bacteria;p__Actinomycetota;c__Thermoleophilia;o__Solirubrobacterales;f__Solirubrobacteraceae;g__Conexibacter	0.8892053360352857
3287ad820c8ab91ef9416861907ec5d8	d__Bacteria;p__Pseudomonadota;c__Alphaproteobacteria;o__Acetobacterales;f__Acetobacteraceae;g__Acidocella;s__uncultured_bacterium	0.7844255205550804
0aea0bef12ce647952e753b479c45af8	d__Bacteria;p__Actinomycetota;c__Acidimicrobiia;o__Acidimicrobiales;f__Acidimicrobiaceae;g__Incertae_Sedis;s__uncultured_Actinomycetales	0.9663501986853139
6cb962b7ae9d4cb55f9ed3dd23f728b6	d__Bacteria;p__Pseudomonadota;c__Alphaproteobacteria;o__Rickettsiales;f__Mitochondria;g__Incertae_Sedis;s__Rhynchosporium_secalis	0.9842030077481034
cf883c71219b7f52fb861b9d2dcb9653	d__Bacteria;p__Pseudomonadota;c__Alphaproteobacteria;o__Acetobacterales;f__Acetobacteraceae;g__Acidocella	0.9923103547072736
392a055597806d43112f92709d3b7fcf	d__Bacteria;p__Actinomycetota;c__Actinobacteria;o__Frankiales;f__Acidothermaceae;g__Acidothermus;s__uncultured_Thermomonosporaceae	0.9697556352523574
9d4b9778e1129d3c350efa3eb1137368	d__Bacteria;p__Pseudomonadota;c__Alphaproteobacteria;o__Rickettsiales;f__Mitochondria;g__Incertae_Sedis;s__Rhynchosporium_secalis	0.9876082729863096
51489dad02245c46fa0267ee73ebce9b	d__Bacteria;p__Acidobacteriota;c__Acidobacteriae;o__Terriglobales;f__Acidobacteriaceae_(Subgroup_1);g__Occallatibacter	0.9725089301675158
c48e521ecffae1e599bcfdf57752511d	d__Bacteria;p__Actinomycetota;c__Actinobacteria;o__Frankiales;f__Acidothermaceae;g__Acidothermus;s__uncultured_Thermomonosporaceae	0.9762508717426035
acd429cf48bac69d04f18c1dcb7b2352	d__Bacteria;p__Actinomycetota;c__Acidimicrobiia;o__Acidimicrobiales;f__Acidimicrobiaceae;g__Acidiferrimicrobium;s__uncultured_thermal	0.8218127538593792
b510ddb677be623ed5ee4921a9e00fd3	d__Bacteria;p__Acidobacteriota;c__Acidobacteriae;o__Terriglobales;f__Acidobacteriaceae_(Subgroup_1);g__Occallatibacter;s__bacterium_enrichment	0.8312499046927385
0c42fdd3e7442474a1f139f81b7c634e	d__Bacteria;p__Actinomycetota;c__Actinobacteria;o__Mycobacteriales;f__Mycobacteriaceae;g__Mycobacterium;s__uncultured_actinobacterium	0.7234353763718682
299090d0919ac44dca99f8c4931ba74f	d__Bacteria;p__Pseudomonadota;c__Alphaproteobacteria;o__Acetobacterales;f__Acetobacteraceae;g__Acidocella	0.9999998606872914
12079db4c61760b612af65676aea7de7	d__Bacteria;p__Pseudomonadota;c__Alphaproteobacteria;o__Acetobacterales;f__Acetobacteraceae;g__Acidocella	0.9945267404058717
b6c00978308ecb36ce2dfb9c63d99f08	d__Bacteria;p__Actinomycetota;c__Thermoleophilia;o__Solirubrobacterales;f__Solirubrobacteraceae;g__Incertae_Sedis;s__soil_metagenome	0.9999519369789795
1ab81333c0e29ecf467773ce467bc539	d__Bacteria;p__Actinomycetota;c__Thermoleophilia;o__Solirubrobacterales;f__Solirubrobacteraceae;g__Conexibacter	0.9738471696973312
ea611bdb729490bfa9d5ff8dcca702ac	d__Bacteria;p__Pseudomonadota;c__Alphaproteobacteria;o__Acetobacterales;f__Acetobacteraceae;g__Acidocella;s__uncultured_Acidocella	0.7171900118181381
aac2e01d4d14ccd0cfaeea57b19d3dde	d__Bacteria;p__Actinomycetota;c__Actinobacteria;o__Frankiales;f__Acidothermaceae;g__Acidothermus;s__uncultured_Thermomonosporaceae	0.9786094989127773
2443d44423bb5ad04019d0ac475d8a67	d__Bacteria;p__Actinomycetota;c__Acidimicrobiia;o__Acidimicrobiales;f__Acidimicrobiaceae;g__Acidiferrimicrobium;s__uncultured_thermal	0.8216946097087298
0d7f51f2443a5e7256052c8e5956a4a7	d__Bacteria;p__Pseudomonadota;c__Alphaproteobacteria;o__Acetobacterales;f__Acetobacteraceae;g__Acidocella	0.9869154426420544
848f4680c079d64fcd84a1df58ad2ce3	d__Bacteria;p__Acidobacteriota;c__Acidobacteriae;o__Terriglobales;f__Acidobacteriaceae_(Subgroup_1);g__Occallatibacter;s__bacterium_enrichment	0.8665905645983806
529acd79bc07b0b3e8176e02516a2c0d	d__Bacteria;p__Actinomycetota;c__Acidimicrobiia;o__Acidimicrobiales;f__Acidimicrobiaceae;g__Acidiferrimicrobium;s__Aciditerrimonas_sp.	0.7176770208042382
eeb7a0f9230dddd6e54e23b8c298dcab	d__Bacteria;p__Cyanobacteriota;c__Cyanobacteriia;o__Chloroplast;f__Incertae_Sedis;g__Incertae_Sedis;s__Citrus_maxima	0.9814101796461725
c73aab597306dba27995a7d04ea7ba89	d__Bacteria;p__Planctomycetota;c__Planctomycetes;o__Isosphaerales;f__Isosphaeraceae;g__Aquisphaera	0.9934467930839415
144b93bedbd5fee6b99f0886035592e1	d__Bacteria;p__Candidatus_Eremiobacterota;c__Eremiobacteria;o__Incertae_Sedis;f__Incertae_Sedis;g__Incertae_Sedis	0.9999999967096034
99a79ba727a3f4532ce6820fa076771b	d__Bacteria;p__Actinomycetota;c__Actinobacteria;o__Frankiales;f__Acidothermaceae;g__Acidothermus;s__uncultured_actinobacterium	0.8187979987291344
2101ada43e2a3dfe14038ace54bfd349	d__Bacteria;p__Cyanobacteriota;c__Cyanobacteriia;o__Chloroplast;f__Incertae_Sedis;g__Incertae_Sedis;s__Citrus_maxima	0.9813898422411974
025370150deffff9826a6459babd1f71	d__Bacteria;p__Actinomycetota;c__Actinobacteria;o__Mycobacteriales;f__Mycobacteriaceae;g__Mycobacterium	0.9999999810757898
06ef43db555459549a74c8636b333fd6	d__Bacteria;p__Actinomycetota;c__Actinobacteria;o__Mycobacteriales;f__Mycobacteriaceae;g__Mycobacterium	0.9999999581135935
5d5792b0c33d92ed6659870ccb1042bd	d__Bacteria;p__Planctomycetota;c__Planctomycetes;o__Isosphaerales;f__Isosphaeraceae;g__Aquisphaera	0.9959841437432787
910a4851d8338bd6e6dce231634614f3	d__Bacteria;p__Candidatus_Eremiobacterota;c__Eremiobacteria;o__Incertae_Sedis;f__Incertae_Sedis;g__Incertae_Sedis;s__uncultured_bacterium	0.8417323481849825
651204e21f86f4dd11c6e1925da93c74	d__Bacteria;p__Candidatus_Eremiobacterota;c__Eremiobacteria;o__Incertae_Sedis;f__Incertae_Sedis;g__Incertae_Sedis;s__uncultured_bacterium	0.7548851337495655
a94aab235b6521b32288043ebbcdf559	d__Bacteria;p__Pseudomonadota;c__Alphaproteobacteria;o__Acetobacterales;f__Acetobacteraceae;g__Acidocella	0.999999904273249
454ceee6a2f4d80a84e1103d66f8db49	d__Bacteria;p__Acidobacteriota;c__Acidobacteriae;o__Terriglobales;f__Acidobacteriaceae_(Subgroup_1);g__Occallatibacter	0.8306322098210667
0d71a2dad48028f00db02247aec18895	d__Bacteria;p__Pseudomonadota;c__Alphaproteobacteria;o__Rickettsiales;f__Mitochondria;g__Incertae_Sedis;s__Rhynchosporium_secalis	0.9800430742244142
12489b3e0f6cdd695fc6366fce6b124d	d__Bacteria;p__Acidobacteriota;c__Acidobacteriae;o__Terriglobales;f__Acidobacteriaceae_(Subgroup_1);g__Occallatibacter;s__bacterium_enrichment	0.7512399089904419
bc54950993b65b03dcbea350dc992869	d__Bacteria;p__Pseudomonadota;c__Alphaproteobacteria;o__Acetobacterales;f__Acetobacteraceae;g__Acidocella	0.999999902476386
54e0781f4b566c33ac5db0cd0283b92a	d__Bacteria;p__Pseudomonadota;c__Alphaproteobacteria;o__Acetobacterales;f__Acetobacteraceae;g__Acidocella;s__uncultured_bacterium	0.7989545909590323
8968cf3cde501af0291680c532b9cb72	d__Bacteria;p__Actinomycetota;c__Acidimicrobiia;o__Acidimicrobiales;f__Acidimicrobiaceae;g__Incertae_Sedis;s__uncultured_Actinomycetales	0.9953259560050587
f92abde59bee78242e44cd573a190e10	d__Bacteria;p__Pseudomonadota;c__Alphaproteobacteria;o__Acetobacterales;f__Acetobacteraceae;g__Acidocella	0.9999998462788511
dce5b6a9a321ba63c5c3f811954f22ce	d__Bacteria;p__Actinomycetota;c__Actinobacteria;o__Frankiales;f__Acidothermaceae;g__Acidothermus;s__uncultured_Thermomonosporaceae	0.9684567420163794
8f070316736bc30eb2f746866e55731e	d__Bacteria;p__Actinomycetota;c__Acidimicrobiia;o__Acidimicrobiales;f__Acidimicrobiaceae;g__Acidiferrimicrobium	0.769114291870287
4c94938c361f746ecd01112a1c9c332b	d__Bacteria;p__Actinomycetota;c__Actinobacteria;o__Frankiales;f__Acidothermaceae;g__Acidothermus;s__uncultured_Thermomonosporaceae	0.9773321480062828
563d4f10b97ad46281c073e7f7772fa0	d__Bacteria;p__Actinomycetota;c__Thermoleophilia;o__Solirubrobacterales;f__Solirubrobacteraceae;g__Conexibacter	0.994103417380387
fc30eb82e6f84498948acf705b9f5d2c	d__Bacteria;p__Pseudomonadota;c__Gammaproteobacteria;o__Burkholderiales;f__Alcaligenaceae;g__Bordetella;s__uncultured_bacterium	0.9534746087522621
c75a055e31307a8d03272b92b342212e	d__Bacteria;p__Pseudomonadota;c__Alphaproteobacteria;o__Rickettsiales;f__Mitochondria;g__Incertae_Sedis;s__Paracoccidioides_brasiliensis	0.8726070103738982
2e95ccd6a01060f71ef9bb342988a254	d__Bacteria;p__Actinomycetota;c__Thermoleophilia;o__Solirubrobacterales;f__Solirubrobacteraceae;g__Conexibacter;s__uncultured_Conexibacteraceae	0.9010600484003292
756c7f11cc23a77bb7b8ea70bb772727	d__Bacteria;p__Acidobacteriota;c__Acidobacteriae;o__Terriglobales;f__Acidobacteriaceae_(Subgroup_1);g__Granulicella;s__uncultured_eubacterium	0.9559794656218619
726f92b4c9b1b29c2eec71195fc49b47	d__Bacteria;p__Pseudomonadota;c__Alphaproteobacteria;o__Acetobacterales;f__Acetobacteraceae;g__Acidocella	0.9875435345548733
73ff629c8023e8062ef038fa066b3eb6	d__Bacteria;p__Acidobacteriota;c__Acidobacteriae;o__Terriglobales;f__Acidobacteriaceae_(Subgroup_1);g__Granulicella;s__uncultured_eubacterium	0.957800537036691
c9d7c1b7cac0a8fef05a987da559b16a	d__Bacteria;p__Actinomycetota;c__Actinobacteria;o__Frankiales;f__Acidothermaceae;g__Acidothermus;s__uncultured_Thermomonosporaceae	0.9766816805797182
195bf6850907082b78fda2b8e9e92d00	d__Bacteria;p__Pseudomonadota;c__Alphaproteobacteria;o__Hyphomicrobiales;f__Beijerinckiaceae;g__Roseiarcus;s__uncultured_bacterium	0.9623595085739203
5fc4f0b41527a4e0a59ba34501fcc284	d__Bacteria;p__Actinomycetota;c__Actinobacteria;o__Frankiales;f__Acidothermaceae;g__Acidothermus;s__uncultured_actinobacterium	0.9643298626942379
12b02a92b5b7eee13ddad2916cfa8f2f	d__Bacteria;p__Candidatus_Eremiobacterota;c__Eremiobacteria;o__Incertae_Sedis;f__Incertae_Sedis;g__Incertae_Sedis;s__uncultured_bacterium	0.8512639639395535
adbbf786691a3f585528745f134e2c6a	d__Bacteria;p__Candidatus_Eremiobacterota;c__Eremiobacteria;o__Incertae_Sedis;f__Incertae_Sedis;g__Incertae_Sedis;s__uncultured_bacterium	0.7197539952612673
c413a4ee4a86626709089f4d596e8763	d__Bacteria;p__Actinomycetota;c__Acidimicrobiia;o__Acidimicrobiales;f__Acidimicrobiaceae;g__Acidiferrimicrobium;s__actinobacterium_BGR	0.999666992730164
a9be60df88bffc70929efd74a43ac175	d__Bacteria;p__Actinomycetota;c__Actinobacteria;o__Frankiales;f__Acidothermaceae;g__Acidothermus;s__uncultured_Thermomonosporaceae	0.9813231581233557
13d4b0a0ba6b7259b7287109b3d59831	d__Bacteria;p__Candidatus_Eremiobacterota;c__Eremiobacteria;o__Incertae_Sedis;f__Incertae_Sedis;g__Incertae_Sedis;s__uncultured_bacterium	0.8411050925033821
005e8b470f8740f878d9c4dda189036c	d__Bacteria;p__Actinomycetota;c__Thermoleophilia;o__Solirubrobacterales;f__Solirubrobacteraceae;g__Incertae_Sedis;s__soil_metagenome	0.9999297270432765
fb4b19a5d688001baf66fcf5fe14f4f3	d__Bacteria;p__Planctomycetota;c__Planctomycetes;o__Isosphaerales;f__Isosphaeraceae;g__Incertae_Sedis	0.8551766810197251
bb9f730c332d1ffb2240e412b9852940	d__Bacteria;p__Actinomycetota;c__Actinobacteria;o__Frankiales;f__Acidothermaceae;g__Acidothermus;s__uncultured_Thermomonosporaceae	0.9766816805102236
ba82b4bbefe715d0d4b936790eebeb2b	d__Bacteria;p__Pseudomonadota;c__Alphaproteobacteria;o__Acetobacterales;f__Acetobacteraceae;g__Acidocella	0.9999998934854567
5a72efed762c03dc27e0dfef7dec7979	d__Bacteria;p__Candidatus_Eremiobacterota;c__Eremiobacteria;o__Incertae_Sedis;f__Incertae_Sedis;g__Incertae_Sedis;s__uncultured_bacterium	0.7450245871742092
197dd52f1ee928442c0c38499fa78744	d__Bacteria;p__Actinomycetota;c__Actinobacteria;o__Frankiales;f__Acidothermaceae;g__Acidothermus;s__uncultured_actinobacterium	0.8063050595735736
a8acbd64c582d51da5d6674277954121	d__Bacteria;p__Actinomycetota;c__Actinobacteria;o__Frankiales;f__Acidothermaceae;g__Acidothermus;s__uncultured_actinobacterium	0.7937719881243521
a8193c1fe26e7adac36068dc5d3b71d0	d__Bacteria;p__Pseudomonadota;c__Alphaproteobacteria;o__Acetobacterales;f__Acetobacteraceae;g__Acidocella	0.9999998458590177
363148f0c013514ce7bef20bf454b6d3	d__Bacteria;p__Acidobacteriota;c__Acidobacteriae;o__Terriglobales;f__Acidobacteriaceae_(Subgroup_1);g__Occallatibacter	0.9684645757129733
a9644290dc74a4ea2a40ea6176aa1eef	d__Bacteria;p__Actinomycetota;c__Actinobacteria;o__Frankiales;f__Acidothermaceae;g__Acidothermus;s__uncultured_Thermomonosporaceae	0.9753997602270166
86c441ef0ca176aba8b4edbd37a69e96	d__Bacteria;p__Candidatus_Eremiobacterota;c__Eremiobacteria;o__Incertae_Sedis;f__Incertae_Sedis;g__Incertae_Sedis	0.9999999967880324
94cf4199a3121f048c914f9df719e7fb	d__Bacteria;p__Pseudomonadota;c__Alphaproteobacteria;o__Rickettsiales;f__Mitochondria;g__Incertae_Sedis;s__Rhynchosporium_secalis	0.9800404609369735
5942da34fe659ed75fbf361a3c795c07	d__Bacteria;p__Pseudomonadota;c__Alphaproteobacteria;o__Acetobacterales;f__Acetobacteraceae;g__Acidocella	0.9999998630714036
5cc366f4136aa7fd3f2094f92d0311c7	d__Bacteria;p__Actinomycetota;c__Thermoleophilia;o__Solirubrobacterales;f__Solirubrobacteraceae;g__Conexibacter;s__Conexibacter_sp.	0.7598240360499129
4c2677284995ccda3093b58c75143188	d__Bacteria;p__Actinomycetota;c__Actinobacteria;o__Frankiales;f__Acidothermaceae;g__Acidothermus;s__uncultured_Thermomonosporaceae	0.9699095806423798
f9fa735a6bb5dc91658a4d35693694f8	d__Bacteria;p__Actinomycetota;c__Acidimicrobiia;o__Acidimicrobiales;f__Acidimicrobiaceae;g__Acidiferrimicrobium;s__uncultured_thermal	0.8054048336108774
b3410556a6bf663575796b543aa0ff11	d__Bacteria;p__Pseudomonadota;c__Gammaproteobacteria;o__Rickettsiellales;f__Rickettsiellaceae;g__Incertae_Sedis	0.9999993773803886
e3ec4d879ab13606d48559eec7265ac8	d__Bacteria;p__Patescibacteria;c__Saccharimonadia;o__Saccharimonadales;f__Incertae_Sedis;g__Incertae_Sedis;s__uncultured_bacterium	0.9514354233154686
1c692627ec9252c179251e542a15b7c2	d__Bacteria;p__Pseudomonadota;c__Gammaproteobacteria;o__Gammaproteobacteria_Incertae_Sedis;f__Unknown_Family;g__Acidibacter;s__Acidibacter_ferrireducens	0.9411781858834086
49559dc5d2ebb04551592e7f80f980ee	d__Bacteria;p__Actinomycetota;c__Acidimicrobiia;o__Acidimicrobiales;f__Acidimicrobiaceae;g__Acidiferrimicrobium;s__uncultured_thermal	0.8182541799722536
d40ec47b80a3dacd9c462fb667b7769f	d__Bacteria;p__Acidobacteriota;c__Acidobacteriae;o__Terriglobales;f__Acidobacteriaceae_(Subgroup_1);g__Occallatibacter	0.9726249100365483
73045ab32991bcc87c2020641c5a0559	d__Bacteria;p__Actinomycetota;c__Thermoleophilia;o__Solirubrobacterales;f__Solirubrobacteraceae;g__Conexibacter	0.7902073282152098
4e724da2542e5a0796f03d413570cf1e	d__Bacteria;p__Actinomycetota;c__Actinobacteria;o__Frankiales;f__Acidothermaceae;g__Acidothermus;s__uncultured_Thermomonosporaceae	0.9773321480640044
7c5a1893cd0291c709e17a85fff94f04	d__Bacteria;p__Actinomycetota;c__Actinobacteria;o__Frankiales;f__Acidothermaceae;g__Acidothermus;s__uncultured_Thermomonosporaceae	0.9754637730916178
b9932ba221f469d848bbceeccb348b0a	d__Bacteria;p__Pseudomonadota;c__Alphaproteobacteria;o__Acetobacterales;f__Acetobacteraceae;g__Incertae_Sedis;s__uncultured_bacterium	0.9358659511760495
4b8241897ea83bf5ed02409cbce51974	d__Bacteria;p__Pseudomonadota;c__Gammaproteobacteria;o__Rickettsiellales;f__Rickettsiellaceae;g__Incertae_Sedis	0.9999991979121048
8edff1f77d34b17a96cb9b42aa049f7d	d__Bacteria;p__Pseudomonadota;c__Alphaproteobacteria;o__Acetobacterales;f__Acetobacteraceae;g__Acidocella	0.9999998893950391
ca1a70b282052c19497a8ec5587fbd21	d__Bacteria;p__Actinomycetota;c__Thermoleophilia;o__Solirubrobacterales;f__Solirubrobacteraceae;g__Conexibacter;s__uncultured_Actinomycetales	0.9412465607033667
83ab843a782997fe70484f878b757a22	d__Bacteria;p__Actinomycetota;c__Thermoleophilia;o__Solirubrobacterales;f__Solirubrobacteraceae;g__Conexibacter	0.7345653310197877
8c132ecb3a0d03b0a30c00b605e44c8f	d__Bacteria;p__Candidatus_Eremiobacterota;c__Eremiobacteria;o__Incertae_Sedis;f__Incertae_Sedis;g__Incertae_Sedis;s__uncultured_bacterium	0.8022566916762706
f43bb6abaf0364ce4bc9e4137d7e8b84	d__Bacteria;p__Pseudomonadota;c__Alphaproteobacteria;o__Hyphomicrobiales;f__Beijerinckiaceae;g__Roseiarcus;s__uncultured_bacterium	0.9630167883471817
462005f62436d9d1cebf5903188bcce2	d__Bacteria;p__Planctomycetota;c__Phycisphaerae;o__Tepidisphaerales;f__WD2101_soil_group;g__Incertae_Sedis;s__uncultured_bacterium	0.7567259245117307
7afd00c818d3a479469feb6eec035e2b	d__Bacteria;p__Actinomycetota;c__Actinobacteria;o__Frankiales;f__Acidothermaceae;g__Acidothermus;s__uncultured_actinobacterium	0.7582225833606699
0bed448138f8c4e4948091a23538f7f4	d__Bacteria;p__Pseudomonadota;c__Alphaproteobacteria;o__Rickettsiales;f__Mitochondria;g__Incertae_Sedis;s__Paracoccidioides_brasiliensis	0.8718072549174942
f573728232bb2f989bfef8f90a68c5d4	d__Bacteria;p__Actinomycetota;c__Thermoleophilia;o__Solirubrobacterales;f__Solirubrobacteraceae;g__Conexibacter;s__uncultured_bacterium	0.9546297438523841
b1fa3653f41c86553ab722c0fb64eded	d__Bacteria;p__Actinomycetota;c__Acidimicrobiia;o__Acidimicrobiales;f__Acidimicrobiaceae;g__Acidiferrimicrobium	0.7820415408130514
98e54d2005140590b79d9b6fbe2dd26c	d__Bacteria;p__Actinomycetota;c__Thermoleophilia;o__Solirubrobacterales;f__Solirubrobacteraceae;g__Conexibacter	0.8462377204050293
a87216595ce60ddce83327cf62047cfa	d__Bacteria;p__Acidobacteriota;c__Acidobacteriae;o__Terriglobales;f__Acidobacteriaceae_(Subgroup_1);g__Granulicella;s__uncultured_eubacterium	0.9576706545219233
4ca514b46fa3b80b7bbd7efe3e1faeda	d__Bacteria;p__Actinomycetota;c__Thermoleophilia;o__Solirubrobacterales;f__Solirubrobacteraceae;g__Conexibacter;s__uncultured_Conexibacteraceae	0.9333078531711365
90d74a0b1c0a6a1b1d9315f16c4d4043	d__Bacteria;p__Acidobacteriota;c__Acidobacteriae;o__Terriglobales;f__Acidobacteriaceae_(Subgroup_1);g__Granulicella;s__uncultured_eubacterium	0.9466390504635384
24106dc53eb9a51f18879834eecb6a19	d__Bacteria;p__Pseudomonadota;c__Alphaproteobacteria;o__Rickettsiales;f__Mitochondria;g__Incertae_Sedis	0.8554523437418792
882070ec4cbbff1c40aa727b116b4edc	d__Bacteria;p__Actinomycetota;c__Thermoleophilia;o__Solirubrobacterales;f__Solirubrobacteraceae;g__Conexibacter;s__uncultured_Conexibacteraceae	0.893104308534116
d8c53e25ed136a3620c30d590f5f06eb	d__Bacteria;p__Actinomycetota;c__Thermoleophilia;o__Solirubrobacterales;f__Solirubrobacteraceae;g__Conexibacter;s__uncultured_Conexibacteraceae	0.9293711330901497
4a11e224905d50e1eabb2538c467e84a	d__Bacteria;p__Actinomycetota;c__Acidimicrobiia;o__Acidimicrobiales;f__Acidimicrobiaceae;g__Acidiferrimicrobium;s__uncultured_thermal	0.7872506550279054
0af4b2f33bcd80c35f7cfd7b688a10b4	d__Bacteria;p__Pseudomonadota;c__Alphaproteobacteria;o__Hyphomicrobiales;f__Beijerinckiaceae;g__Methylocapsa;s__uncultured_bacterium	0.8314791086138582
2dfabddc68638cf368d7296f74b64b0e	d__Bacteria;p__Cyanobacteriota;c__Cyanobacteriia;o__Chloroplast;f__Incertae_Sedis;g__Incertae_Sedis;s__Citrus_maxima	0.9813466781498846
42df8c5ad051347bf2b21469b322307a	d__Bacteria;p__Acidobacteriota;c__Acidobacteriae;o__Terriglobales;f__Acidobacteriaceae_(Subgroup_1);g__Occallatibacter;s__bacterium_enrichment	0.836105836806828
3958c0c3636e27bce073d86dd74d93fa	d__Bacteria;p__Pseudomonadota;c__Gammaproteobacteria;o__Rickettsiellales;f__Rickettsiellaceae;g__Incertae_Sedis	0.9999993235633002
c98ed63a8867bed61da135a0491cb842	d__Bacteria;p__Pseudomonadota;c__Alphaproteobacteria;o__Acetobacterales;f__Acetobacteraceae;g__Acidocella;s__uncultured_Acidocella	0.7170397223617943
0c7fcbc88f94665c3c7bf20c6da7c96c	d__Bacteria;p__Pseudomonadota;c__Alphaproteobacteria;o__Rickettsiales;f__Mitochondria;g__Incertae_Sedis;s__Arachis_hypogaea	0.7729661872268236
cad30d67ef418a1f4804e41b7d7c8f5f	d__Bacteria;p__Pseudomonadota;c__Alphaproteobacteria;o__Pelagibacterales;f__Clade_I;g__Clade_Ia	0.9999730167370456
af7f86b662888a179f29dbdd3ebfc9ae	d__Bacteria;p__Actinomycetota;c__Acidimicrobiia;o__Acidimicrobiales;f__Acidimicrobiaceae;g__Acidiferrimicrobium;s__actinobacterium_BGR	0.9997056955649695
cfd94c878c76e87f6f5ed35f7a0543e6	d__Bacteria;p__Pseudomonadota;c__Alphaproteobacteria;o__Acetobacterales;f__Acetobacteraceae;g__Acidocella	0.9999998925384088
7c8b855100bec6c0e99cc04d59670604	d__Bacteria;p__Chlamydiota;c__Chlamydiia;o__Chlamydiales;f__Simkaniaceae;g__Incertae_Sedis;s__Rhabdochlamydiaceae_bacterium	0.7218811175397452
663c3ad73dfb8835c78cc1b1bd259f32	d__Bacteria;p__Actinomycetota;c__Thermoleophilia;o__Solirubrobacterales;f__Solirubrobacteraceae;g__Incertae_Sedis;s__soil_metagenome	0.9999300143344791
6b44582ab7361d225fd4d544abf351f6	d__Bacteria;p__Pseudomonadota;c__Alphaproteobacteria;o__Acetobacterales;f__Acetobacteraceae;g__Acidocella	0.9999998964075854
8f522933c0610515659225f49e0ee239	d__Bacteria;p__Pseudomonadota;c__Alphaproteobacteria;o__Acetobacterales;f__Acetobacteraceae;g__Acidocella	0.9984600909752639
4d039f3152347346cf6536932a2df7a7	d__Bacteria;p__Actinomycetota;c__Thermoleophilia;o__Solirubrobacterales;f__Solirubrobacteraceae;g__Conexibacter	0.9909166133774874
1edbc9d12b3432cb3b27b0c529e1e4b9	d__Bacteria;p__Pseudomonadota;c__Alphaproteobacteria;o__Acetobacterales;f__Acetobacteraceae;g__Acidocella	0.9999998920817437
12f6bb9f53b98600fbcb862ea6e674b2	d__Bacteria;p__Pseudomonadota;c__Alphaproteobacteria;o__Rickettsiales;f__Mitochondria;g__Incertae_Sedis;s__Arachis_hypogaea	0.7721813108534696
480b38e3081a37e28077e9d22a81134c	d__Bacteria;p__Acidobacteriota;c__Acidobacteriae;o__Terriglobales;f__Acidobacteriaceae_(Subgroup_1);g__Occallatibacter;s__bacterium_enrichment	0.74832678354333
640dda928402ff0037c08cd188bb2e7f	d__Bacteria;p__Candidatus_Eremiobacterota;c__Eremiobacteria;o__Incertae_Sedis;f__Incertae_Sedis;g__Incertae_Sedis;s__uncultured_bacterium	0.752785589890047
483a2e54cd7016276c5958821c5b3773	d__Bacteria;p__Patescibacteria;c__Saccharimonadia;o__Saccharimonadales;f__Incertae_Sedis;g__Incertae_Sedis	0.7230126100049387
51429041d80ae4cd2b0947c12ad60f3a	d__Bacteria;p__Pseudomonadota;c__Alphaproteobacteria;o__Acetobacterales;f__Acetobacteraceae;g__Acidocella	0.9986087177084093
13b9ec9dfff5c8602f71ec2bba14ae7c	d__Bacteria;p__Pseudomonadota;c__Alphaproteobacteria;o__Acetobacterales;f__Acetobacteraceae;g__Acidocella	0.9999998889032099
72f3121934982cd51ba37c43be7162f3	d__Bacteria;p__Acidobacteriota;c__Acidobacteriae;o__Terriglobales;f__Acidobacteriaceae_(Subgroup_1);g__Occallatibacter	0.9655398636383359
1d8361261fb47c541dc025b5298541d5	d__Bacteria;p__Candidatus_Eremiobacterota;c__Eremiobacteria;o__Incertae_Sedis;f__Incertae_Sedis;g__Incertae_Sedis;s__uncultured_bacterium	0.8750397899679931
171d2b3e29a1b9154bddf34ccd2f492b	d__Bacteria;p__Actinomycetota;c__Actinobacteria;o__Frankiales;f__Acidothermaceae;g__Acidothermus;s__uncultured_Thermomonosporaceae	0.9769223289400444
73c766d92d3d2354326cef08111bcb3c	d__Bacteria;p__Actinomycetota;c__Acidimicrobiia;o__Acidimicrobiales;f__Acidimicrobiaceae;g__Acidiferrimicrobium;s__actinobacterium_BGR	0.9997071089630432
e9c77650b9b659679ebcf9ce4a1fd00d	d__Bacteria;p__Acidobacteriota;c__Acidobacteriae;o__Terriglobales;f__Acidobacteriaceae_(Subgroup_1);g__Occallatibacter;s__bacterium_enrichment	0.7116522516973277
88c783af6c88976aaee608ea54dbeb41	d__Bacteria;p__Actinomycetota;c__Acidimicrobiia;o__Acidimicrobiales;f__Acidimicrobiaceae;g__Incertae_Sedis;s__uncultured_Acidimicrobiaceae	0.8677917567118248
e8cd315620eefc4af6d8b7548830f4b8	d__Bacteria;p__Acidobacteriota;c__Acidobacteriae;o__Terriglobales;f__Acidobacteriaceae_(Subgroup_1);g__Occallatibacter;s__bacterium_enrichment	0.7866953603462056
d93a86809c65a23e79d31115c111866c	d__Bacteria;p__Pseudomonadota;c__Alphaproteobacteria;o__Acetobacterales;f__Acetobacteraceae;g__Acidocella	0.9999999005015836
551327ed9242b33f3d6b71b7c4d54430	d__Bacteria;p__Actinomycetota;c__Actinobacteria;o__Frankiales;f__Acidothermaceae;g__Acidothermus;s__uncultured_Thermomonosporaceae	0.9770170808947158
8d2631df4db37f31c2d585e225c2f027	d__Bacteria;p__Pseudomonadota;c__Alphaproteobacteria;o__Acetobacterales;f__Acetobacteraceae;g__Acidocella	0.9999998475858245
250cc39fa1fc2075dca6c87146425820	d__Bacteria;p__Candidatus_Eremiobacterota;c__Eremiobacteria;o__Incertae_Sedis;f__Incertae_Sedis;g__Incertae_Sedis;s__uncultured_bacterium	0.7583351324442631
02d8f889ccaef7e88be1578161f1aa8a	d__Bacteria;p__Actinomycetota;c__Actinobacteria;o__Mycobacteriales;f__Mycobacteriaceae;g__Mycobacterium;s__uncultured_actinobacterium	0.7458163890196791
2a29607986d3bc2e03fb267524eeadc0	d__Bacteria;p__Acidobacteriota;c__Acidobacteriae;o__Terriglobales;f__Acidobacteriaceae_(Subgroup_1);g__Occallatibacter	0.9713976463247328
08f619cdafc89ee7e51e89b00ed9c683	d__Bacteria;p__Patescibacteria;c__Saccharimonadia;o__Saccharimonadales;f__Incertae_Sedis;g__Incertae_Sedis;s__uncultured_bacterium	0.8176175374844926
a6a3d2bec7dadd9d65523fa97b87e5ca	d__Bacteria;p__Actinomycetota;c__Acidimicrobiia;o__Acidimicrobiales;f__Acidimicrobiaceae;g__Acidiferrimicrobium;s__uncultured_thermal	0.7831903851230974
4c3bd78b2e37f46d44570cbf7a7c1c1d	d__Bacteria;p__Pseudomonadota;c__Alphaproteobacteria;o__Acetobacterales;f__Acetobacteraceae;g__Acidocella	0.9999999036732581
f5e4d9d5e1c36514a328e45507db69a6	d__Bacteria;p__Pseudomonadota;c__Alphaproteobacteria;o__Acetobacterales;f__Acetobacteraceae;g__Acidocella	0.9947472656024422
fe6623346c3efdd3f123b4cd32004df6	d__Bacteria;p__Acidobacteriota;c__Acidobacteriae;o__Terriglobales;f__Acidobacteriaceae_(Subgroup_1);g__Occallatibacter	0.9498558040476227
416ba7df75fad78d3fe046f5789abffb	d__Bacteria;p__Actinomycetota;c__Acidimicrobiia;o__Acidimicrobiales;f__Acidimicrobiaceae;g__Acidiferrimicrobium	0.8223074724615288
ffd72dcc42663b1858790c4b59cfb3bc	d__Bacteria	0.9999678999409356
d04c3114540fa4141f7ff95e93aaf900	d__Bacteria;p__Actinomycetota;c__Actinobacteria;o__Frankiales;f__Acidothermaceae;g__Acidothermus;s__uncultured_Thermomonosporaceae	0.9762889194195579
773753d5fa23c6e0f9ab091b618a2f2f	d__Bacteria;p__Candidatus_Eremiobacterota;c__Eremiobacteria;o__Incertae_Sedis;f__Incertae_Sedis;g__Incertae_Sedis;s__uncultured_bacterium	0.7960222247971818
d15708f7588f91e0097d85c961c56d89	d__Bacteria;p__Actinomycetota;c__Actinobacteria;o__Frankiales;f__Acidothermaceae;g__Acidothermus;s__uncultured_Thermomonosporaceae	0.9816064636029813
9957b3e56c21dc47c9019f07de3915d3	d__Bacteria;p__Pseudomonadota;c__Alphaproteobacteria;o__Rickettsiales;f__Mitochondria;g__Incertae_Sedis;s__Rhynchosporium_secalis	0.9799330570884907
f540c56b3b9dc7a95594d0f14cf66ae6	d__Bacteria;p__Actinomycetota;c__Acidimicrobiia;o__Acidimicrobiales;f__Acidimicrobiaceae;g__Incertae_Sedis;s__uncultured_Actinomycetales	0.9749771705336732
8e3807b969cf8c55b138f801253a0760	d__Bacteria;p__Pseudomonadota;c__Alphaproteobacteria;o__Acetobacterales;f__Acetobacteraceae;g__Acidocella	0.9928113685346472
d978505fe24ddc058e1789d069162bf3	d__Bacteria;p__Actinomycetota;c__Acidimicrobiia;o__Acidimicrobiales;f__Acidimicrobiaceae;g__Acidiferrimicrobium;s__actinobacterium_BGR	0.99969232799814
de1c7f23425c7c73d78169caa7f40581	d__Bacteria;p__Actinomycetota;c__Actinobacteria;o__Frankiales;f__Acidothermaceae;g__Acidothermus;s__uncultured_Thermomonosporaceae	0.9784604265690219
08e084746a0ccfefce4ad933bb1cf57e	d__Bacteria;p__Patescibacteria;c__Saccharimonadia;o__Saccharimonadales;f__Incertae_Sedis;g__Incertae_Sedis;s__uncultured_bacterium	0.9921915186937418
f1d5ffdc31137fb99a122949ce01b98a	d__Bacteria;p__Pseudomonadota;c__Alphaproteobacteria;o__Acetobacterales;f__Acetobacteraceae	0.9999999406695947
5a84e92da27e24fa6dac831dc0d80ce0	d__Bacteria;p__Actinomycetota;c__Acidimicrobiia;o__Acidimicrobiales;f__Acidimicrobiaceae;g__Acidiferrimicrobium;s__actinobacterium_BGR	0.999676019773342
995a6982b54c38f62dc81b8530fa8797	d__Bacteria;p__Candidatus_Eremiobacterota;c__Eremiobacteria;o__Incertae_Sedis;f__Incertae_Sedis;g__Incertae_Sedis;s__uncultured_bacterium	0.800057504140654
092e785cce1211dcf3110ddbcd2512f8	d__Bacteria;p__Actinomycetota;c__Acidimicrobiia;o__Acidimicrobiales;f__Acidimicrobiaceae;g__Acidiferrimicrobium	0.9977086980893639
a64c2be6ac6db6056d84e30b341d269b	d__Bacteria;p__Pseudomonadota;c__Alphaproteobacteria;o__Acetobacterales;f__Acetobacteraceae;g__Acidocella;s__uncultured_bacterium	0.7989225540556885
dda1dedf5c585fa225ecea0de9c8d8b4	d__Bacteria;p__Acidobacteriota;c__Acidobacteriae;o__Terriglobales;f__Acidobacteriaceae_(Subgroup_1);g__Acidobacterium;s__uncultured_bacterium	0.7512421254289133
430e52eac945e09512a17a358f3c6407	d__Bacteria;p__Patescibacteria;c__Saccharimonadia;o__Saccharimonadales;f__Incertae_Sedis;g__Incertae_Sedis;s__uncultured_bacterium	0.9775795916774447
29ed2c0a7a6ac7e70e3a3b1970401068	d__Bacteria;p__Actinomycetota;c__Acidimicrobiia;o__Acidimicrobiales;f__Acidimicrobiaceae;g__Acidiferrimicrobium	0.7709699592819714
ccf0a762f6537ead5b7c1a615b76cacb	d__Bacteria;p__Actinomycetota;c__Thermoleophilia;o__Solirubrobacterales;f__Solirubrobacteraceae;g__Conexibacter;s__uncultured_bacterium	0.9590691760365271
a394aafcd8920ea3d33cab5a18249d94	d__Bacteria;p__Actinomycetota;c__Thermoleophilia;o__Solirubrobacterales;f__Solirubrobacteraceae;g__Conexibacter;s__uncultured_Conexibacteraceae	0.8795169717248377
9a10ceb2f063602da721051f631ef342	d__Bacteria;p__Dependentiae;c__Babeliae;o__Babeliales;f__Vermiphilaceae;g__Incertae_Sedis;s__uncultured_bacterium	0.9262352600454601
ae4077256f5babfdb619ca8adbe1f45d	d__Bacteria;p__Actinomycetota;c__Thermoleophilia;o__Solirubrobacterales;f__Solirubrobacteraceae;g__Conexibacter;s__uncultured_bacterium	0.9800489242264326
782df67ae17663c41a690c89cfe6e1a2	d__Bacteria;p__Actinomycetota;c__Thermoleophilia;o__Solirubrobacterales;f__Solirubrobacteraceae;g__Conexibacter;s__uncultured_bacterium	0.9760957733444384
3d88791985c3e6367d707f53d219d91e	d__Bacteria;p__Pseudomonadota;c__Alphaproteobacteria;o__Rickettsiales;f__Mitochondria;g__Incertae_Sedis	0.8610284618516185
a6c62fae5a8bf6652fda9d9312aae237	d__Bacteria;p__Pseudomonadota;c__Alphaproteobacteria;o__Rickettsiales;f__Mitochondria;g__Incertae_Sedis	0.843089989345482
0758fd30e498b141befeeef56f6796a7	d__Bacteria;p__Pseudomonadota;c__Alphaproteobacteria;o__Rickettsiales;f__Mitochondria;g__Incertae_Sedis	0.8250090724335458
defffe1a4793bf6123c89339fd58dd1c	d__Bacteria;p__Pseudomonadota;c__Gammaproteobacteria;o__Burkholderiales;f__Alcaligenaceae;g__Bordetella;s__uncultured_bacterium	0.9753514814521559
7cf5d77f82385945ca557fda37ea37d6	d__Bacteria;p__Pseudomonadota;c__Alphaproteobacteria;o__Rickettsiales;f__Mitochondria;g__Incertae_Sedis;s__Paracoccidioides_brasiliensis	0.8661030163457045
9f2036fb63091eb239c4eb7f5777e768	d__Bacteria;p__Cyanobacteriota;c__Cyanobacteriia;o__Chloroplast;f__Incertae_Sedis;g__Incertae_Sedis;s__Citrus_maxima	0.9828233032735271
8c568b44b60cc927e1dc36678e5e0fe6	d__Bacteria;p__Actinomycetota;c__Thermoleophilia;o__Solirubrobacterales;f__Solirubrobacteraceae;g__Conexibacter;s__uncultured_Conexibacteraceae	0.8420646326037972
3a377309c92e7eb16d9afad15db4b4b7	d__Bacteria;p__Pseudomonadota;c__Alphaproteobacteria;o__Rickettsiales;f__Mitochondria;g__Incertae_Sedis;s__Paracoccidioides_brasiliensis	0.8669032260486587
05d1d07538b9a4b6f40a1936d8eea6f5	d__Bacteria;p__Pseudomonadota;c__Gammaproteobacteria;o__Rickettsiellales;f__Rickettsiellaceae;g__Aquicella	0.999999998989048
88c4ffd15d39315f35c1dac5b1f0847c	d__Bacteria;p__Candidatus_Eremiobacterota;c__Eremiobacteria;o__Incertae_Sedis;f__Incertae_Sedis;g__Incertae_Sedis;s__uncultured_bacterium	0.77492470649787
106355077224cf1199a6b88b43e139b0	d__Bacteria;p__Patescibacteria;c__Saccharimonadia;o__Saccharimonadales	0.9999999999923193
c66521bfcb98091267c33bf12e14653e	d__Bacteria;p__Pseudomonadota;c__Alphaproteobacteria;o__Acetobacterales;f__Acetobacteraceae;g__Acidocella	0.999999841813412
d38e167869bc3e58a8853f854e24846f	d__Bacteria;p__Candidatus_Eremiobacterota;c__Eremiobacteria;o__Incertae_Sedis;f__Incertae_Sedis;g__Incertae_Sedis;s__uncultured_bacterium	0.894548603639998
2ba44fc76b407575f677bc8341581e06	d__Bacteria;p__Pseudomonadota;c__Gammaproteobacteria;o__Gammaproteobacteria_Incertae_Sedis;f__Unknown_Family;g__Acidibacter;s__Acidibacter_ferrireducens	0.8278392423862928
185310c09980a0f2c7967de068cce75d	d__Bacteria;p__Pseudomonadota;c__Alphaproteobacteria;o__Rickettsiales;f__Mitochondria;g__Incertae_Sedis;s__Arachis_hypogaea	0.7721813109677572
e5ba1635cd93ca7277d37f11d7d75c69	d__Bacteria;p__Pseudomonadota;c__Alphaproteobacteria;o__Acetobacterales;f__Acetobacteraceae	0.99999979010629
84ebe362b3fe05578ead4636d0a14e6e	d__Bacteria;p__Actinomycetota;c__Actinobacteria;o__Frankiales;f__Acidothermaceae;g__Acidothermus;s__uncultured_Thermomonosporaceae	0.9779716523983855
701d4c2ff9d109c712d7279781e95274	d__Bacteria;p__Actinomycetota;c__Thermoleophilia;o__Solirubrobacterales;f__Solirubrobacteraceae;g__Conexibacter	0.9776746834932607
84f09d64d2a3e84718d2053390b0388d	d__Bacteria;p__Actinomycetota;c__Acidimicrobiia;o__Acidimicrobiales;f__Acidimicrobiaceae;g__Acidiferrimicrobium	0.9981778139564216
c1d5644e927e627cd46d4bfb5c6e0074	d__Bacteria;p__Pseudomonadota;c__Alphaproteobacteria;o__Acetobacterales;f__Acetobacteraceae;g__Incertae_Sedis;s__uncultured_bacterium	0.7909858624729637
1c3e0765f939083252a9b005ba90198a	d__Bacteria;p__Actinomycetota;c__Actinobacteria;o__Frankiales;f__Acidothermaceae;g__Acidothermus;s__uncultured_Thermomonosporaceae	0.9736123610047622
4cfbb8b1689a33dc0c4783d71d9769f6	d__Bacteria;p__Pseudomonadota;c__Alphaproteobacteria;o__Acetobacterales;f__Acetobacteraceae;g__Acidocella	0.9999998094383018
e489ccac347bd51b0df69181f421a401	d__Bacteria;p__Pseudomonadota;c__Alphaproteobacteria;o__Rickettsiales;f__Mitochondria;g__Incertae_Sedis;s__Rhynchosporium_secalis	0.9745756020015367
78efe3889118ae3e343748010bff6fbe	d__Bacteria;p__Pseudomonadota;c__Alphaproteobacteria;o__Acetobacterales;f__Acetobacteraceae	0.9999998231289421
da37226d2197431997269eecf921f4d1	d__Bacteria;p__Actinomycetota;c__Acidimicrobiia;o__Acidimicrobiales;f__Acidimicrobiaceae;g__Acidiferrimicrobium;s__uncultured_thermal	0.8182549317423975
56b1e0aeeeef51dbe0c45eccca8955f6	d__Bacteria;p__Candidatus_Eremiobacterota;c__Eremiobacteria;o__Incertae_Sedis;f__Incertae_Sedis;g__Incertae_Sedis;s__uncultured_bacterium	0.8470637694742837
de86b0fefb17bab6723f77016223bbef	d__Bacteria;p__Pseudomonadota;c__Alphaproteobacteria;o__Acetobacterales;f__Acetobacteraceae;g__Acidocella	0.9999998625840838
39902ac29959cfe082e5e0ffd39cbe27	d__Bacteria;p__Pseudomonadota;c__Alphaproteobacteria;o__Acetobacterales;f__Acetobacteraceae;g__Acidocella	0.9999998747077395
235398f9d17aec81c6525dff54980f6f	d__Bacteria;p__Candidatus_Eremiobacterota;c__Eremiobacteria;o__Incertae_Sedis;f__Incertae_Sedis;g__Incertae_Sedis;s__uncultured_bacterium	0.7336942463703454
84013d740f59fc087a030c202f280fcc	d__Bacteria;p__Acidobacteriota;c__Acidobacteriae;o__Terriglobales;f__Acidobacteriaceae_(Subgroup_1);g__Occallatibacter;s__bacterium_enrichment	0.8290378306590567
39c5142de889e99ba50a3b1f5be7a8f7	d__Bacteria;p__Actinomycetota;c__Actinobacteria;o__Mycobacteriales;f__Mycobacteriaceae;g__Mycobacterium	0.9999999797036392
40caf1cbb899ce7c1d2065aa0eafea1d	d__Bacteria;p__Actinomycetota;c__Acidimicrobiia;o__Acidimicrobiales;f__Acidimicrobiaceae;g__Acidiferrimicrobium;s__actinobacterium_BGR	0.9997789509005055
10bfe6d177466d84bd2dd42da87629f7	d__Bacteria;p__Pseudomonadota;c__Alphaproteobacteria;o__Rickettsiales;f__Mitochondria;g__Incertae_Sedis	0.7858240140783782
e04c2749445f9ded343654ffdc5f2504	d__Bacteria;p__Actinomycetota;c__Acidimicrobiia;o__Acidimicrobiales;f__Acidimicrobiaceae;g__Acidiferrimicrobium;s__uncultured_thermal	0.8218850364250587
b43d5852f40fe17e320226e6e959f2f8	d__Bacteria;p__Planctomycetota;c__Planctomycetes;o__Isosphaerales;f__Isosphaeraceae;g__Aquisphaera	0.9953565934209441
83233b91255a4a06d086327c10c186ff	d__Bacteria;p__Actinomycetota;c__Acidimicrobiia;o__Acidimicrobiales;f__Acidimicrobiaceae;g__Incertae_Sedis;s__uncultured_Actinomycetales	0.9632713225556204
b99a609aad022437b9f52eeaea057069	d__Bacteria;p__Actinomycetota;c__Actinobacteria;o__Frankiales;f__Acidothermaceae;g__Acidothermus;s__uncultured_Thermomonosporaceae	0.9624659494599629
2d6736c5f0bf51511b99412c9aad324f	d__Bacteria;p__Pseudomonadota;c__Alphaproteobacteria;o__Acetobacterales;f__Acetobacteraceae;g__Acidocella	0.9999999051774933
2126e5b48f35bca46d09b3d269132477	d__Bacteria;p__Candidatus_Eremiobacterota;c__Eremiobacteria;o__Incertae_Sedis;f__Incertae_Sedis;g__Incertae_Sedis	0.9999999964063475
9d973c6af9f0e25665c44b9a7503ff16	d__Bacteria;p__Actinomycetota;c__Thermoleophilia;o__Solirubrobacterales;f__Solirubrobacteraceae;g__Conexibacter;s__uncultured_bacterium	0.7205680190334337
1c661ee76b4b5ebc6c089c234f2689e5	d__Bacteria;p__Pseudomonadota;c__Alphaproteobacteria;o__Hyphomicrobiales;f__Beijerinckiaceae;g__Methylocapsa;s__uncultured_bacterium	0.860243010480853
e359bf2555faa136bf453841888ec840	d__Bacteria;p__Patescibacteria;c__Saccharimonadia;o__Saccharimonadales;f__Incertae_Sedis;g__Incertae_Sedis	0.7250330620548133
694094844b462c49f19b48d40c8213e1	d__Bacteria;p__Pseudomonadota;c__Alphaproteobacteria;o__Acetobacterales;f__Acetobacteraceae;g__Acidocella	0.999984005523696
7027ac7948c7a730e150eccc925faa87	d__Bacteria;p__Candidatus_Eremiobacterota;c__Eremiobacteria;o__Incertae_Sedis;f__Incertae_Sedis;g__Incertae_Sedis;s__uncultured_bacterium	0.7815379052375195
0e4e606c2040ea8fd198fe4347105464	d__Bacteria;p__Actinomycetota;c__Actinobacteria;o__Mycobacteriales;f__Mycobacteriaceae;g__Mycobacterium	0.999999979337664
3d6669ccd65b9e121338e92641eef391	d__Bacteria;p__Pseudomonadota;c__Alphaproteobacteria;o__Acetobacterales;f__Acetobacteraceae;g__Acidocella	0.9999998726596365
b334f99d6484c10c7c8779fe1968983b	d__Bacteria;p__Candidatus_Eremiobacterota;c__Eremiobacteria;o__Incertae_Sedis;f__Incertae_Sedis;g__Incertae_Sedis	0.9999999969226698
bb16c0954096bf23d1546d04f4e09074	d__Bacteria;p__Actinomycetota;c__Actinobacteria;o__Frankiales;f__Acidothermaceae;g__Acidothermus;s__uncultured_Thermomonosporaceae	0.9799878689857003
568897e3f7d5439a05a8add2bee00d3c	d__Bacteria;p__Patescibacteria;c__Saccharimonadia;o__Saccharimonadales;f__Incertae_Sedis;g__Incertae_Sedis;s__uncultured_bacterium	0.8452361765825401
8cdfbb71a40758003a65729b74cbae57	d__Bacteria;p__Pseudomonadota;c__Alphaproteobacteria;o__Hyphomicrobiales;f__Beijerinckiaceae;g__Methylocapsa;s__uncultured_bacterium	0.8526590041296974
21a756a18db626399a32d016738c9c66	d__Bacteria;p__Actinomycetota;c__Acidimicrobiia;o__Acidimicrobiales;f__Acidimicrobiaceae;g__Incertae_Sedis;s__uncultured_forest	0.9306487044009286
08e7d19b13eecc12d2a7ead798b69d3c	d__Bacteria;p__Acidobacteriota;c__Acidobacteriae;o__Terriglobales;f__Acidobacteriaceae_(Subgroup_1);g__Occallatibacter;s__bacterium_enrichment	0.751233749932669
c521ff2502798e060b4fb38561cb0602	d__Bacteria;p__Pseudomonadota;c__Alphaproteobacteria;o__Acetobacterales;f__Acetobacteraceae;g__Acidocella	0.9999998757983459
519f2dfd86eddf92605622d1d8ae433d	d__Bacteria;p__Acidobacteriota;c__Acidobacteriae;o__Terriglobales;f__Acidobacteriaceae_(Subgroup_1);g__Occallatibacter	0.9804074632514128
60bb2c92a1af3e5c695291256c6fd8a8	d__Bacteria;p__Pseudomonadota;c__Alphaproteobacteria;o__Acetobacterales;f__Acetobacteraceae;g__Acidocella;s__uncultured_Acidocella	0.717192419812212
7580a7933b057666b607d19243d33784	d__Bacteria;p__Acidobacteriota;c__Acidobacteriae;o__Terriglobales;f__Acidobacteriaceae_(Subgroup_1);g__Occallatibacter	0.9717966260688868
5a56590ce36e8ed0e004f86f8ea8deda	d__Bacteria;p__Actinomycetota;c__Thermoleophilia;o__Solirubrobacterales;f__Solirubrobacteraceae;g__Incertae_Sedis;s__soil_metagenome	0.9999267786900433
650f8ed4eb3a18a139a7c23c06fb8c56	d__Bacteria;p__Pseudomonadota;c__Alphaproteobacteria;o__Acetobacterales;f__Acetobacteraceae;g__Acidocella;s__uncultured_bacterium	0.7989232345796143
661b3c3e27d7eff0658a75a94cbebb30	d__Bacteria;p__Candidatus_Eremiobacterota;c__Eremiobacteria;o__Incertae_Sedis;f__Incertae_Sedis;g__Incertae_Sedis;s__uncultured_bacterium	0.7840682322860404
61ee78590821afb234a9738ae7f7e802	d__Bacteria;p__Acidobacteriota;c__Acidobacteriae;o__Terriglobales;f__Acidobacteriaceae_(Subgroup_1);g__Occallatibacter	0.9621892992155745
e1c5ef89bbbed82af37d1be169474789	d__Bacteria;p__Pseudomonadota;c__Alphaproteobacteria;o__Acetobacterales;f__Acetobacteraceae;g__Acidocella;s__uncultured_Acidocella	0.7171907685211122
fd46236907736962af428a37d1def205	d__Bacteria;p__Candidatus_Eremiobacterota;c__Eremiobacteria;o__Incertae_Sedis;f__Incertae_Sedis;g__Incertae_Sedis;s__uncultured_bacterium	0.7861246506983895
536c724e72a847b54f48d2d185230c67	d__Bacteria;p__Pseudomonadota;c__Alphaproteobacteria;o__Rickettsiales;f__Mitochondria;g__Incertae_Sedis;s__Rhynchosporium_secalis	0.9800624650786554
6cad93d03e28508823654f0256ad75a9	d__Bacteria;p__Actinomycetota;c__Thermoleophilia;o__Solirubrobacterales;f__Solirubrobacteraceae;g__Conexibacter	0.8889213688935943
03564d651b312e1f5940200666f4a4cf	d__Bacteria;p__Pseudomonadota;c__Alphaproteobacteria;o__Rickettsiales;f__Mitochondria;g__Incertae_Sedis;s__Paracoccidioides_brasiliensis	0.8980517712722417
a104bb92b10fcfb1a3540e0a9441ed81	d__Bacteria;p__Pseudomonadota;c__Alphaproteobacteria;o__Rickettsiales;f__Mitochondria;g__Incertae_Sedis;s__Paracoccidioides_brasiliensis	0.898795197642146
fe9cbb1d3e92e7f69e4771e02f0a7932	d__Bacteria;p__Dependentiae;c__Babeliae;o__Babeliales;f__Vermiphilaceae;g__Incertae_Sedis;s__uncultured_bacterium	0.8868831836504896
9629990539fee21e56deb84c5e75ad0c	d__Bacteria;p__Acidobacteriota;c__Acidobacteriae;o__Terriglobales;f__Acidobacteriaceae_(Subgroup_1);g__Acidobacterium;s__uncultured_bacterium	0.7638760560575224
6d2f2ae24cbc558beaa4a2cdcedf1caa	d__Bacteria;p__Pseudomonadota;c__Alphaproteobacteria;o__Rickettsiales;f__Mitochondria;g__Incertae_Sedis	0.9999999999889987
7d5d3152158d644f8db5c8cb162292a6	d__Bacteria;p__Pseudomonadota;c__Gammaproteobacteria;o__Gammaproteobacteria_Incertae_Sedis;f__Unknown_Family;g__Acidibacter;s__Acidibacter_ferrireducens	0.9167420893616651
f12ac5762aa319f98d00a4436b681882	d__Bacteria;p__Acidobacteriota;c__Acidobacteriae;o__Terriglobales;f__Acidobacteriaceae_(Subgroup_1);g__Granulicella;s__uncultured_eubacterium	0.9454869616964339
3fe6e85632d64afe344381bb53b4eed4	d__Bacteria;p__Acidobacteriota;c__Acidobacteriae;o__Terriglobales;f__Acidobacteriaceae_(Subgroup_1);g__Granulicella;s__uncultured_eubacterium	0.9450253827228893
aa781ed360914cfec71097628a1c514c	d__Bacteria;p__Pseudomonadota;c__Alphaproteobacteria;o__Acetobacterales;f__Acetobacteraceae;g__Acidocella;s__uncultured_bacterium	0.798363550287986
7c3912952e1c3c16d37ae14fea2ac29e	d__Bacteria;p__Acidobacteriota;c__Acidobacteriae;o__Terriglobales;f__Acidobacteriaceae_(Subgroup_1);g__Granulicella;s__uncultured_eubacterium	0.9449600574089214
a4776fff0f0b2b0a5a49b8072cf05674	d__Bacteria;p__Pseudomonadota;c__Alphaproteobacteria;o__Acetobacterales;f__Acetobacteraceae;g__Acidocella;s__uncultured_bacterium	0.8212418847998068
b6320e314b83a5ede1384d3cbcf8f575	d__Bacteria;p__Actinomycetota;c__Acidimicrobiia;o__Acidimicrobiales;f__Acidimicrobiaceae;g__Incertae_Sedis	0.8804239958977054
b36009ab8a496de1ad5a669ffbc7abb8	d__Bacteria;p__Pseudomonadota;c__Alphaproteobacteria;o__Rickettsiales;f__Mitochondria;g__Incertae_Sedis	0.9999999999890109
a731d5b51d1863af4a891f99c52590e2	d__Bacteria;p__Pseudomonadota;c__Alphaproteobacteria;o__Acetobacterales;f__Acetobacteraceae;g__Acidocella;s__uncultured_bacterium	0.7843909582338727
cac110360ca02b34fa26022c0c9c10fb	d__Bacteria;p__Actinomycetota;c__Acidimicrobiia;o__Acidimicrobiales;f__Acidimicrobiaceae;g__Incertae_Sedis;s__uncultured_Actinomycetales	0.9736747376422632
da83492c2debdbc1342ac7f04a6b2a8e	d__Bacteria;p__Pseudomonadota;c__Alphaproteobacteria;o__Acetobacterales;f__Acetobacteraceae;g__Acidocella	0.9917071551679879
a731e727357756e648fdb07789d387ae	d__Bacteria;p__Actinomycetota;c__Thermoleophilia;o__Solirubrobacterales;f__Solirubrobacteraceae;g__Conexibacter	0.8172291732778454
b724e2156471ba317466e336d2a508ea	d__Bacteria;p__Actinomycetota;c__Acidimicrobiia;o__Acidimicrobiales;f__Acidimicrobiaceae;g__Acidiferrimicrobium	0.8174089054573935
5492439b6fbf0254097519b1ffaf8b0e	d__Bacteria;p__Actinomycetota;c__Thermoleophilia;o__Solirubrobacterales;f__Solirubrobacteraceae;g__Incertae_Sedis;s__soil_metagenome	0.9999485255184836
a0fce1fe944d12380733d2971a970ce6	d__Bacteria;p__Pseudomonadota;c__Alphaproteobacteria;o__Rickettsiales;f__Mitochondria;g__Incertae_Sedis;s__Rhynchosporium_secalis	0.9800624500849223
2a0b49f539f41f420adaa057dc11f520	d__Bacteria;p__Pseudomonadota;c__Alphaproteobacteria;o__Rickettsiales;f__Mitochondria;g__Incertae_Sedis	0.8663034388335447
61f822e54adeb596f7ddaaa6020d8620	d__Bacteria;p__Actinomycetota;c__Thermoleophilia;o__Solirubrobacterales;f__Solirubrobacteraceae;g__Conexibacter;s__uncultured_bacterium	0.7095502999436759
d4ceef8a9946dddf50ae25e6dbf233c9	d__Bacteria;p__Actinomycetota;c__Actinobacteria;o__Frankiales;f__Acidothermaceae;g__Acidothermus;s__uncultured_Thermomonosporaceae	0.9272370345137834
6f026022ee384baab32059d3e066283f	d__Bacteria;p__Pseudomonadota;c__Alphaproteobacteria;o__Acetobacterales;f__Acetobacteraceae;g__Acidocella;s__uncultured_Acidocella	0.7171905321585059
25ac3ebf08e6f7ceda24ad8ea270f358	d__Bacteria;p__Actinomycetota;c__Acidimicrobiia;o__Acidimicrobiales;f__Acidimicrobiaceae;g__Acidiferrimicrobium;s__uncultured_thermal	0.7479881312758218
7cd175ddb8726f8ba8e334e8e3786bd0	d__Bacteria;p__Pseudomonadota;c__Alphaproteobacteria;o__Acetobacterales;f__Acetobacteraceae;g__Acidocella	0.9999998909938755
a228ab0f24b1588e79b7695c94a39c4d	d__Bacteria;p__Acidobacteriota;c__Acidobacteriae;o__Terriglobales;f__Acidobacteriaceae_(Subgroup_1);g__Occallatibacter;s__bacterium_enrichment	0.7852155388478547
8beba6dccf126e362c43652cd2f9c5fb	d__Bacteria;p__Acidobacteriota;c__Acidobacteriae;o__Terriglobales;f__Acidobacteriaceae_(Subgroup_1);g__Occallatibacter	0.9707810911230903
1455b8a63c0166e162312d27f79d3c7d	d__Bacteria;p__Pseudomonadota;c__Alphaproteobacteria;o__Acetobacterales;f__Acetobacteraceae;g__Acidocella	0.999999908610258
d20631a1d37e866983c616a8cf10db7d	d__Bacteria;p__Acidobacteriota;c__Acidobacteriae;o__Terriglobales;f__Acidobacteriaceae_(Subgroup_1);g__Occallatibacter;s__bacterium_enrichment	0.7969856010605771
4be24cca723216a854cc2a0734f7eaff	d__Bacteria;p__Pseudomonadota;c__Alphaproteobacteria;o__Acetobacterales;f__Acetobacteraceae;g__Acidocella	0.9999998833981604
9dd609547bde2013189d2425544f9f14	d__Bacteria;p__Pseudomonadota;c__Alphaproteobacteria;o__Acetobacterales;f__Acetobacteraceae	0.9999997578134294
ac90d7e30d7f133cbe4bca29164cf759	d__Bacteria;p__Candidatus_Eremiobacterota;c__Eremiobacteria;o__Incertae_Sedis;f__Incertae_Sedis;g__Incertae_Sedis;s__uncultured_bacterium	0.8006604362417061
6a0332c1e84731802924c593fb4cb8bd	d__Bacteria;p__Patescibacteria;c__Saccharimonadia;o__Saccharimonadales;f__Incertae_Sedis;g__Incertae_Sedis;s__uncultured_bacterium	0.8060108914856672
7c1121f12b2249a0cb05bca79c63a7c2	d__Bacteria;p__Pseudomonadota;c__Alphaproteobacteria;o__Acetobacterales;f__Acetobacteraceae;g__Acidocella;s__uncultured_Acidocella	0.7170619958636042
5b74e831f9b731f617d4435076472647	d__Bacteria;p__Planctomycetota;c__Planctomycetes;o__Gemmatales;f__Gemmataceae;g__Incertae_Sedis	0.9999999896270422
d0bdc5531d83c5ef0576fe17107b16d7	d__Bacteria;p__Pseudomonadota;c__Alphaproteobacteria;o__Acetobacterales;f__Acetobacteraceae;g__Incertae_Sedis;s__uncultured_bacterium	0.784233682364416
49da1c3a6d9d0ff7e703e8e560460c37	d__Bacteria;p__Acidobacteriota;c__Acidobacteriae;o__Terriglobales;f__Acidobacteriaceae_(Subgroup_1);g__Occallatibacter;s__bacterium_enrichment	0.722141076086255
45817fc076fe8bdc12b4b8653e5a02ec	d__Bacteria;p__Pseudomonadota;c__Alphaproteobacteria;o__Hyphomicrobiales;f__Beijerinckiaceae;g__Roseiarcus;s__uncultured_bacterium	0.9590315099819646
11741739deae6b472b4f78799fdfef81	d__Bacteria;p__Actinomycetota;c__Actinobacteria;o__Frankiales;f__Acidothermaceae;g__Acidothermus;s__uncultured_Thermomonosporaceae	0.969755635209388
95642e3c73fb6ddf143e38041b4aad40	d__Bacteria;p__Actinomycetota;c__Acidimicrobiia;o__Acidimicrobiales;f__Acidimicrobiaceae;g__Acidiferrimicrobium;s__uncultured_thermal	0.7868868152895792
7b670d814679d0ae38b18f68ace4388e	d__Bacteria;p__Acidobacteriota;c__Acidobacteriae;o__Terriglobales;f__Acidobacteriaceae_(Subgroup_1);g__Occallatibacter	0.9564933638833679
c8747678d10172cc1a4425e7e40171e8	d__Bacteria;p__Actinomycetota;c__Actinobacteria;o__Mycobacteriales;f__Mycobacteriaceae;g__Mycobacterium	0.9999998458413535
2027beaf0e3597e44048a2bd6bd612a5	d__Bacteria;p__Pseudomonadota;c__Alphaproteobacteria;o__Acetobacterales;f__Acetobacteraceae;g__Acidisoma;s__Acidisoma_sp.	0.7030512772972254
4fafc9b21f765c2e2d08b29a77a1c268	d__Bacteria;p__Pseudomonadota;c__Alphaproteobacteria;o__Hyphomicrobiales;f__Beijerinckiaceae;g__Roseiarcus;s__uncultured_bacterium	0.9630168184054336
4e5d94e9949f6e6274cbb879e9716a63	d__Bacteria;p__Actinomycetota;c__Acidimicrobiia;o__Acidimicrobiales;f__Acidimicrobiaceae;g__Acidiferrimicrobium	0.737171992790568
9a8562ac76a287be2a0f00e0ceb79d89	d__Bacteria	0.9999957900752376
c8b9d494d72ca91329e8be625bfc30ef	d__Bacteria;p__Acidobacteriota;c__Acidobacteriae;o__Terriglobales;f__Acidobacteriaceae_(Subgroup_1);g__Occallatibacter;s__bacterium_enrichment	0.7586913963070686
18b39b438e9fd2f9837b290b2d6ff7f1	d__Bacteria;p__Pseudomonadota;c__Alphaproteobacteria;o__Acetobacterales;f__Acetobacteraceae;g__Acidocella	0.9999998694312846
f83d2ca84fdfe36da23499a52165c1cd	d__Bacteria;p__Pseudomonadota;c__Alphaproteobacteria;o__Acetobacterales;f__Acetobacteraceae;g__Incertae_Sedis	0.7198681531621514
21e27ad1885521de7dc9136dfbea11c1	d__Bacteria;p__Actinomycetota;c__Thermoleophilia;o__Solirubrobacterales;f__Solirubrobacteraceae;g__Conexibacter	0.7597552916019598
ca584cdc96b4aeb962ffa707b5d80971	d__Bacteria;p__Acidobacteriota;c__Acidobacteriae;o__Terriglobales;f__Acidobacteriaceae_(Subgroup_1);g__Occallatibacter;s__bacterium_enrichment	0.7187503973437716
cc6d595390ca447a16a268eefc1fad0e	d__Bacteria;p__Pseudomonadota;c__Alphaproteobacteria;o__Acetobacterales;f__Acetobacteraceae;g__Acidocella	0.9999999181974035
e3196b66fd900cc32939b8741b025f43	d__Bacteria;p__Actinomycetota;c__Actinobacteria;o__Frankiales;f__Acidothermaceae;g__Acidothermus;s__uncultured_actinobacterium	0.9440842299663654
4310a915880f27ede6ad55c4d76f74d9	d__Bacteria;p__Pseudomonadota;c__Alphaproteobacteria;o__Acetobacterales;f__Acetobacteraceae;g__Acidocella	0.9999998734666213
646992369b067ad05fa40e61b7512e76	d__Bacteria;p__Actinomycetota;c__Acidimicrobiia;o__Acidimicrobiales;f__Acidimicrobiaceae;g__Acidiferrimicrobium;s__uncultured_thermal	0.8054324076537551
5dd2b993efe5c1dbafd06552a747b820	d__Bacteria;p__Pseudomonadota;c__Alphaproteobacteria;o__Acetobacterales;f__Acetobacteraceae;g__Acidocella	0.9999998940002811
b1f672c6db2e804c7d4b7b99d96229a5	d__Bacteria;p__Acidobacteriota;c__Acidobacteriae;o__Terriglobales;f__Acidobacteriaceae_(Subgroup_1);g__Occallatibacter;s__bacterium_enrichment	0.7932225993194021
46df6e8ed731f7fba16fb528940d9354	d__Bacteria;p__Candidatus_Eremiobacterota;c__Eremiobacteria;o__Incertae_Sedis;f__Incertae_Sedis;g__Incertae_Sedis;s__uncultured_bacterium	0.7927685661766841
9a7439ce6107ea43ad708a6be748bcf3	d__Bacteria;p__Pseudomonadota;c__Alphaproteobacteria;o__Acetobacterales;f__Acetobacteraceae;g__Acidocella	0.9999998775222285
0f389914f5664aa70035aa5a6ce17816	d__Bacteria;p__Acidobacteriota;c__Acidobacteriae;o__Terriglobales;f__Acidobacteriaceae_(Subgroup_1);g__Occallatibacter;s__bacterium_enrichment	0.7905616925150075
647805b80f0309e1644b63ff494a117a	d__Bacteria;p__Actinomycetota;c__Thermoleophilia;o__Solirubrobacterales;f__Solirubrobacteraceae;g__Conexibacter	0.7490640916959183
20e2a22a5959a2ad42e7ee6a0da640d0	d__Bacteria;p__Actinomycetota;c__Actinobacteria;o__Frankiales;f__Acidothermaceae;g__Acidothermus;s__uncultured_Thermomonosporaceae	0.957186056442203
a3dbe349ee083535f31aca211b6c87cc	d__Bacteria;p__Acidobacteriota;c__Acidobacteriae;o__Terriglobales;f__Acidobacteriaceae_(Subgroup_1);g__Occallatibacter	0.9621204759532102
5ecb8dba88c3eb995be45ca84c71f6c6	d__Bacteria;p__Acidobacteriota;c__Acidobacteriae;o__Terriglobales;f__Acidobacteriaceae_(Subgroup_1);g__Occallatibacter	0.9688489173704888
03821a5cb2d8bbd96c808dc1d2d7e469	d__Bacteria;p__Actinomycetota;c__Acidimicrobiia;o__Acidimicrobiales;f__Acidimicrobiaceae;g__Acidiferrimicrobium;s__actinobacterium_BGR	0.9997725645255048
f8a0df12d507903b8e4b99dcb00f83aa	d__Bacteria;p__Actinomycetota;c__Actinobacteria;o__Frankiales;f__Acidothermaceae;g__Acidothermus;s__uncultured_Thermomonosporaceae	0.9652953534102066
ba5ce04417abb69a9f0dd6a5c9747b7b	d__Bacteria;p__Actinomycetota;c__Thermoleophilia;o__Solirubrobacterales;f__Solirubrobacteraceae;g__Conexibacter	0.9933403317577941
6003b4a4b2d433b17ec1c0c6608c63bb	d__Bacteria;p__Actinomycetota;c__Thermoleophilia;o__Solirubrobacterales;f__Solirubrobacteraceae;g__Conexibacter;s__uncultured_Conexibacteraceae	0.8535647801629856
5ecddf57d806d90fecc089a86e2f2ed1	d__Bacteria;p__Actinomycetota;c__Thermoleophilia;o__Solirubrobacterales;f__Solirubrobacteraceae;g__Conexibacter;s__uncultured_bacterium	0.9675117557005047
b2e4042b54704c7e025d739fad824872	d__Bacteria;p__Actinomycetota;c__Thermoleophilia;o__Solirubrobacterales;f__Solirubrobacteraceae;g__Conexibacter	0.9097426668547327
12a06792e0075a7a1a5058f598dbd366	d__Bacteria;p__Actinomycetota;c__Thermoleophilia;o__Solirubrobacterales;f__Solirubrobacteraceae;g__Conexibacter;s__uncultured_bacterium	0.9548747369693954
ebd6274d9f8e014b2965e5333b6716aa	d__Bacteria;p__Acidobacteriota;c__Acidobacteriae;o__Terriglobales;f__Acidobacteriaceae_(Subgroup_1);g__Acidobacterium;s__uncultured_bacterium	0.7647862352472902
1cec3a072314ba1397da33d48e977381	d__Bacteria;p__Pseudomonadota;c__Alphaproteobacteria;o__Rickettsiales;f__Mitochondria;g__Incertae_Sedis	0.9999999999892396
b274cfce4410826c7db9daad20e177f0	d__Bacteria;p__Pseudomonadota;c__Gammaproteobacteria;o__Gammaproteobacteria_Incertae_Sedis;f__Unknown_Family;g__Acidibacter;s__Acidibacter_ferrireducens	0.9246154645947224
b0d87ec31296394a90bbcedfd927f735	d__Bacteria;p__Actinomycetota;c__Actinobacteria;o__Mycobacteriales;f__Mycobacteriaceae;g__Mycobacterium	0.9999999832030848
927f488793ad795054a39a3b7473860c	d__Bacteria;p__Candidatus_Eremiobacterota;c__Eremiobacteria;o__Incertae_Sedis;f__Incertae_Sedis;g__Incertae_Sedis;s__uncultured_bacterium	0.7416758835945185
ba5690954a806069833aae3e8662e2e2	d__Bacteria;p__Candidatus_Eremiobacterota;c__Eremiobacteria;o__Incertae_Sedis;f__Incertae_Sedis;g__Incertae_Sedis;s__uncultured_bacterium	0.7935864297228717
e2ed8e11181df38ad479d2f9596b7749	d__Bacteria;p__Actinomycetota;c__Acidimicrobiia;o__Acidimicrobiales;f__Acidimicrobiaceae;g__Incertae_Sedis;s__uncultured_Actinomycetales	0.9682088245655923
06cc42a5169d108a8c6fa85f664fc0fd	d__Bacteria;p__Actinomycetota;c__Thermoleophilia;o__Solirubrobacterales;f__Solirubrobacteraceae;g__Conexibacter	0.8448781548850887
f6e895a5822dab5656e7999694b32859	d__Bacteria;p__Candidatus_Eremiobacterota;c__Eremiobacteria;o__Incertae_Sedis;f__Incertae_Sedis;g__Incertae_Sedis	0.9999999973417563
89b03b5192df6f657c8ee0f01588b86e	d__Bacteria;p__Patescibacteria;c__Saccharimonadia;o__Saccharimonadales;f__Incertae_Sedis;g__Incertae_Sedis;s__uncultured_bacterium	0.7650113882933138
4974393b323ea4238e9f35690bace04d	d__Bacteria;p__Patescibacteria;c__Saccharimonadia;o__Saccharimonadales	0.9999999999944512
cc1297d8f26e0f138ca5ffbb2cb01800	d__Bacteria;p__Actinomycetota;c__Acidimicrobiia;o__Acidimicrobiales;f__Acidimicrobiaceae;g__Acidiferrimicrobium;s__uncultured_thermal	0.7870812605174536
e98af3c174fb73e7fee392299b558739	d__Bacteria;p__Actinomycetota;c__Thermoleophilia;o__Solirubrobacterales;f__Solirubrobacteraceae;g__Conexibacter	0.9911357466697254
7fb009378fd40b51c5352006737fc2e8	d__Bacteria;p__Pseudomonadota;c__Alphaproteobacteria;o__Acetobacterales;f__Acetobacteraceae	0.9999999348156021
1b1356023ee0ea459ebf2e1bc45af55e	d__Bacteria;p__Actinomycetota;c__Acidimicrobiia;o__Acidimicrobiales;f__Acidimicrobiaceae;g__Acidiferrimicrobium;s__uncultured_thermal	0.7635292905734585
3922ffffbae1954d370ef59dc8b363e2	d__Bacteria;p__Pseudomonadota;c__Alphaproteobacteria;o__Acetobacterales;f__Acetobacteraceae	0.9999998307738943
3d5e84779f025ed9da063eea8a8e185d	d__Bacteria;p__Pseudomonadota;c__Alphaproteobacteria;o__Hyphomicrobiales;f__Beijerinckiaceae;g__Methylocapsa;s__uncultured_bacterium	0.8115509249290495
f8140d221ca718d530697101656e272b	d__Bacteria;p__Pseudomonadota;c__Alphaproteobacteria;o__Acetobacterales;f__Acetobacteraceae;g__Acidocella;s__uncultured_Acidocella	0.7174504690249628
f62cdaa8b51c2629745cd7407c40a7b3	d__Bacteria;p__Actinomycetota;c__Thermoleophilia;o__Solirubrobacterales;f__Solirubrobacteraceae;g__Conexibacter	0.9890561776708314
4670e3b337513bbd36209f2c9eac55e7	d__Bacteria;p__Patescibacteria;c__Saccharimonadia;o__Saccharimonadales;f__Incertae_Sedis;g__Incertae_Sedis;s__uncultured_bacterium	0.8244289162444968
a5007045f1ce4600002dbe469bb86277	d__Bacteria;p__Pseudomonadota;c__Alphaproteobacteria;o__Rickettsiales;f__Mitochondria;g__Incertae_Sedis;s__Arachis_hypogaea	0.7729661871044232
a3330e9b4e2583ffbb71697b25e85c93	d__Bacteria;p__Actinomycetota;c__Actinobacteria;o__Mycobacteriales;f__Mycobacteriaceae;g__Mycobacterium	0.9999998728540325
dc18d3a23d84025fb7b4684f5ab3d72c	d__Bacteria;p__Pseudomonadota;c__Alphaproteobacteria;o__Acetobacterales;f__Acetobacteraceae;g__Acidocella	0.9942861435883494
fe417ec114112c49b2310a9b290e415c	d__Bacteria	0.9999458442202322
505c7ec37206dafc7198194b25474c4a	d__Bacteria;p__Actinomycetota;c__Acidimicrobiia;o__Acidimicrobiales;f__Acidimicrobiaceae;g__Acidiferrimicrobium;s__actinobacterium_BGR	0.9997684541368855
34910f90b3b9e5aae616990bf95a81ca	d__Bacteria;p__Pseudomonadota;c__Alphaproteobacteria;o__Acetobacterales;f__Acetobacteraceae;g__Acidocella	0.9893384546675752
2e391157c164464858f44a073e6ac2b2	d__Bacteria;p__Pseudomonadota;c__Alphaproteobacteria;o__Acetobacterales;f__Acetobacteraceae;g__Acidocella	0.9973772762670841
7af199b9e939b2cea1db9eb605ff7b9f	d__Bacteria;p__Acidobacteriota;c__Acidobacteriae;o__Terriglobales;f__Acidobacteriaceae_(Subgroup_1);g__Occallatibacter;s__bacterium_enrichment	0.8120050042676895
93d0147450d5e670b699b71f0dc80e20	d__Bacteria;p__Pseudomonadota;c__Alphaproteobacteria;o__Acetobacterales;f__Acetobacteraceae;g__Acidocella	0.9999998824359861
d66af534c8c42462efa7d20fd38ecdbf	d__Bacteria;p__Pseudomonadota;c__Alphaproteobacteria;o__Rickettsiales;f__Mitochondria;g__Incertae_Sedis;s__Arachis_hypogaea	0.772696050241836
c15d2b41e05aec3843bd885e263464cd	d__Bacteria;p__Acidobacteriota;c__Acidobacteriae;o__Terriglobales;f__Acidobacteriaceae_(Subgroup_1);g__Occallatibacter	0.9649967402594686
f0a6b0e19c00e8284b00aa0ad8ed54f6	d__Bacteria;p__Planctomycetota;c__Planctomycetes;o__Isosphaerales;f__Isosphaeraceae;g__Aquisphaera	0.9922787918987834
9318b28fd0814176c8a84a2180d7af15	d__Bacteria;p__Actinomycetota;c__Thermoleophilia;o__Solirubrobacterales;f__Solirubrobacteraceae;g__Conexibacter	0.9935950530489016
22a9beb91a6578165f7b458b08c1a2ce	d__Bacteria;p__Actinomycetota;c__Actinobacteria;o__Frankiales;f__Acidothermaceae;g__Acidothermus;s__uncultured_actinobacterium	0.9478792618755603
91aef416a22cb8a9d3fa512ec3b0084a	d__Bacteria;p__Actinomycetota;c__Acidimicrobiia;o__Acidimicrobiales;f__Acidimicrobiaceae;g__Acidiferrimicrobium;s__uncultured_thermal	0.7874248520518228
afd041f9f30de6ec7dca416cf9e3edfd	d__Bacteria;p__Pseudomonadota;c__Alphaproteobacteria;o__Acetobacterales;f__Acetobacteraceae;g__Acidocella	0.9954307160084893
dd394eeb4eec7dea33fadc026b396fc5	d__Bacteria;p__Actinomycetota;c__Acidimicrobiia;o__Acidimicrobiales;f__Acidimicrobiaceae;g__Acidiferrimicrobium;s__actinobacterium_BGR	0.9997518209835543
e310f69b9bbafcdfd447c357bc74957e	d__Bacteria;p__Pseudomonadota;c__Alphaproteobacteria;o__Acetobacterales;f__Acetobacteraceae;g__Acidocella	0.9999998768106758
96f7f065da21c5073efb36676ab70828	d__Bacteria;p__Patescibacteria;c__Saccharimonadia;o__Saccharimonadales;f__Incertae_Sedis;g__Incertae_Sedis;s__uncultured_bacterium	0.982229614550781
a943357a19fb1d44173cb6d5e9cb87db	d__Bacteria	0.9997505965911211
803797bc8661eb8427cf9c1a7b193af1	d__Bacteria;p__Pseudomonadota;c__Alphaproteobacteria;o__Acetobacterales;f__Acetobacteraceae;g__Acidocella	0.9835428343834017
dedf9ceab4806b1648e0caeeac5b1413	d__Bacteria;p__Acidobacteriota;c__Acidobacteriae;o__Terriglobales;f__Acidobacteriaceae_(Subgroup_1);g__Occallatibacter;s__bacterium_enrichment	0.8611947500117936
53d25f33ac031c5ec5271724465679e6	d__Bacteria;p__Pseudomonadota;c__Alphaproteobacteria;o__Acetobacterales;f__Acetobacteraceae;g__Acidocella;s__uncultured_Acidocella	0.7619122897078331
a42bb024534799b754fe65edfe95204a	d__Bacteria;p__Actinomycetota;c__Acidimicrobiia;o__Acidimicrobiales;f__Acidimicrobiaceae;g__Acidiferrimicrobium;s__actinobacterium_BGR	0.9997280131507571
f338f5fe7ccec4bc0461fbadd2a193bc	d__Bacteria;p__Actinomycetota;c__Actinobacteria;o__Frankiales;f__Acidothermaceae;g__Acidothermus;s__uncultured_actinobacterium	0.9800826198658638
3e1c8d8266f5ee0febe82b4afe00f305	d__Bacteria;p__Planctomycetota;c__Phycisphaerae;o__Tepidisphaerales;f__WD2101_soil_group;g__Incertae_Sedis;s__uncultured_bacterium	0.7319855717937186
c2b753e17f9ded8ac551a921b30b47bc	d__Bacteria;p__Actinomycetota;c__Acidimicrobiia;o__Acidimicrobiales;f__Acidimicrobiaceae;g__Acidiferrimicrobium	0.7612875054370445
a0668145f1664d7de9d07423e30b6722	d__Bacteria;p__Pseudomonadota;c__Alphaproteobacteria;o__Acetobacterales;f__Acetobacteraceae;g__Acidocella;s__uncultured_Acidocella	0.7619316492833269
fd129de53d1c690dd1dbe32adf1bb995	d__Bacteria;p__Actinomycetota;c__Acidimicrobiia;o__Acidimicrobiales;f__Acidimicrobiaceae;g__Acidiferrimicrobium;s__uncultured_thermal	0.8180058045268659
c7471c631f1e1dd9981e395094bf7f91	d__Bacteria;p__Actinomycetota;c__Acidimicrobiia;o__Acidimicrobiales;f__Acidimicrobiaceae;g__Acidiferrimicrobium;s__actinobacterium_BGR	0.9997041060906379
c7057e3d5002210c6092aa8c8564dba0	d__Bacteria;p__Actinomycetota;c__Acidimicrobiia;o__Acidimicrobiales;f__Acidimicrobiaceae;g__Acidiferrimicrobium;s__uncultured_thermal	0.7730896294551812
e72d43c48715a061cd559864e89cfad7	d__Bacteria;p__Actinomycetota;c__Acidimicrobiia;o__Acidimicrobiales;f__Acidimicrobiaceae;g__Acidiferrimicrobium;s__uncultured_thermal	0.8054618293600556
68290fa0ed511963b13e4a477eb34581	d__Bacteria;p__Pseudomonadota;c__Alphaproteobacteria;o__Rickettsiales;f__Mitochondria;g__Incertae_Sedis;s__Arachis_hypogaea	0.7722805152827656
c78d0a653b4df2d766207439b8c92bb3	d__Bacteria;p__Actinomycetota;c__Acidimicrobiia;o__Acidimicrobiales;f__Acidimicrobiaceae;g__Acidiferrimicrobium;s__uncultured_thermal	0.851096895631076
4805e8c83f2f8fd4d11c55fe5077ba11	d__Bacteria;p__Dependentiae;c__Babeliae;o__Babeliales;f__Vermiphilaceae;g__Incertae_Sedis;s__uncultured_bacterium	0.7783588151523504
99e6333cae3909c7d50bcc21e3f46c1c	d__Bacteria;p__Actinomycetota;c__Thermoleophilia;o__Solirubrobacterales;f__Solirubrobacteraceae;g__Conexibacter;s__uncultured_bacterium	0.9753333651895364
0d1dfae3c42a52000ff248b202ff3631	d__Bacteria;p__Dependentiae;c__Babeliae;o__Babeliales;f__Vermiphilaceae;g__Incertae_Sedis;s__uncultured_bacterium	0.8529126697619618
2b003552285e917200a98507a2981a71	d__Bacteria;p__Acidobacteriota;c__Acidobacteriae;o__Terriglobales;f__Acidobacteriaceae_(Subgroup_1);g__Acidobacterium;s__uncultured_bacterium	0.9283892414354067
d2aac576de8e7c837139aed5c4429195	d__Bacteria	0.99999999992132
79102d91e18710b855e3c218cac53a18	d__Bacteria;p__Actinomycetota;c__Thermoleophilia;o__Solirubrobacterales;f__Solirubrobacteraceae;g__Conexibacter	0.9152357579465663
9718c19a765fd6e9cd5867eecd52fc19	d__Bacteria;p__Dependentiae;c__Babeliae;o__Babeliales;f__Vermiphilaceae;g__Incertae_Sedis;s__uncultured_bacterium	0.7428121977444296
9286c28d20c06f679d997430535230d3	d__Bacteria;p__Pseudomonadota;c__Alphaproteobacteria;o__Rickettsiales;f__Mitochondria;g__Incertae_Sedis	0.9999999999879713
a14833917e34da54bcabcab0e8296137	d__Bacteria;p__Pseudomonadota;c__Gammaproteobacteria;o__Burkholderiales;f__Alcaligenaceae;g__Bordetella;s__uncultured_bacterium	0.9768397215405085
87eb40b2a9247fd6cd64a4cc32a6a6ac	d__Bacteria;p__Actinomycetota;c__Thermoleophilia;o__Solirubrobacterales;f__Solirubrobacteraceae;g__Conexibacter;s__uncultured_bacterium	0.9337636935118483
f0877ec3c562ee8e07e929cafbdbdddf	d__Bacteria;p__Actinomycetota;c__Thermoleophilia;o__Solirubrobacterales;f__Solirubrobacteraceae;g__Conexibacter;s__uncultured_bacterium	0.94100848680584
bed0b0124251a33f531d5eb80f03759c	d__Bacteria;p__Actinomycetota;c__Thermoleophilia;o__Solirubrobacterales;f__Solirubrobacteraceae;g__Conexibacter;s__uncultured_bacterium	0.9266544501740613
cd7dea7a0e147b43f0dc894cf77cebf5	d__Bacteria;p__Pseudomonadota;c__Alphaproteobacteria;o__Acetobacterales;f__Acetobacteraceae;g__Acidocella;s__uncultured_bacterium	0.7844267137309575
d5fea5d36889668d0bd9177844a2a1c3	d__Bacteria;p__Pseudomonadota;c__Alphaproteobacteria;o__Rickettsiales;f__Mitochondria;g__Incertae_Sedis	0.9999999999883364
1ab8fb70eb1b18f88e33297f83db6bfe	d__Bacteria;p__Pseudomonadota;c__Alphaproteobacteria;o__Hyphomicrobiales;f__Beijerinckiaceae;g__Roseiarcus;s__uncultured_bacterium	0.9623594693228198
be28a2ecca6de5b1f4f37c2a4b7e2433	d__Bacteria;p__Patescibacteria;c__Saccharimonadia;o__Saccharimonadales	0.9999999999935542
77176ed25006c4def63b201942b72c1e	d__Bacteria;p__Candidatus_Eremiobacterota;c__Eremiobacteria;o__Incertae_Sedis;f__Incertae_Sedis;g__Incertae_Sedis	0.9999999971092387
9a4c177139968f78036d6f2859d967c2	d__Bacteria;p__Acidobacteriota;c__Acidobacteriae;o__Terriglobales;f__Acidobacteriaceae_(Subgroup_1);g__Occallatibacter;s__bacterium_enrichment	0.7725909319031018
cd469dacc183b215ea577c539127318e	d__Bacteria;p__Patescibacteria;c__Saccharimonadia;o__Saccharimonadales;f__Incertae_Sedis;g__Incertae_Sedis;s__uncultured_bacterium	0.7581794605894533
ead80018d11ebea40341fa3012fde506	d__Bacteria;p__Candidatus_Eremiobacterota;c__Eremiobacteria;o__Incertae_Sedis;f__Incertae_Sedis;g__Incertae_Sedis;s__uncultured_bacterium	0.729858316693649
30eec1ec978aae6e1db9153fe8be925e	d__Bacteria;p__Patescibacteria;c__Saccharimonadia;o__Saccharimonadales;f__Incertae_Sedis;g__Incertae_Sedis;s__uncultured_bacterium	0.7578431319929351
0db6cf73ff3a77bf7644af20aac3002f	d__Bacteria;p__Actinomycetota;c__Acidimicrobiia;o__Acidimicrobiales;f__Acidimicrobiaceae;g__Acidiferrimicrobium;s__uncultured_thermal	0.7730832465952621
9e795c17f6971886f02a84c7c28e21af	d__Bacteria;p__Candidatus_Eremiobacterota;c__Eremiobacteria;o__Incertae_Sedis;f__Incertae_Sedis;g__Incertae_Sedis;s__uncultured_bacterium	0.808500522482789
3ae63d61d7de1b8ca6cd9365337417f6	d__Bacteria;p__Candidatus_Eremiobacterota;c__Eremiobacteria;o__Incertae_Sedis;f__Incertae_Sedis;g__Incertae_Sedis;s__uncultured_bacterium	0.8611935803621634
06f986a352cb2e28020cd1a64a2a3ded	d__Bacteria;p__Acidobacteriota;c__Acidobacteriae;o__Terriglobales;f__Acidobacteriaceae_(Subgroup_1);g__Occallatibacter;s__bacterium_enrichment	0.8594932053507047
4ea361ec068d02eb3eb2c9e907e95531	d__Bacteria;p__Candidatus_Eremiobacterota;c__Eremiobacteria;o__Incertae_Sedis;f__Incertae_Sedis;g__Incertae_Sedis	0.999999996645418
0fb39bda93c9c1d4e6029b96f0f82007	d__Bacteria;p__Actinomycetota;c__Acidimicrobiia;o__Acidimicrobiales;f__Acidimicrobiaceae;g__Acidiferrimicrobium;s__uncultured_thermal	0.726395001374111
0550fb6aa21ecbb2b7ab13e882c8e2cf	d__Bacteria;p__Pseudomonadota;c__Gammaproteobacteria;o__Gammaproteobacteria_Incertae_Sedis;f__Unknown_Family;g__Acidibacter;s__Acidibacter_ferrireducens	0.926839504181936
45f91887bb0a8e1654b9f23a2701e1a5	d__Bacteria;p__Actinomycetota;c__Acidimicrobiia;o__Acidimicrobiales;f__Acidimicrobiaceae;g__Acidiferrimicrobium;s__actinobacterium_BGR	0.9997466888030224
e82acc335d4682da348eb039d0cd13aa	d__Bacteria;p__Candidatus_Eremiobacterota;c__Eremiobacteria;o__Incertae_Sedis;f__Incertae_Sedis;g__Incertae_Sedis;s__uncultured_bacterium	0.7867444945712189
745fa3b2490987dcff2414619fc8c28c	d__Bacteria;p__Actinomycetota;c__Acidimicrobiia;o__Acidimicrobiales;f__Acidimicrobiaceae;g__Acidiferrimicrobium;s__uncultured_thermal	0.8054586965384045
59d5a8950cb12492ffcfdf1573d284ec	d__Bacteria;p__Actinomycetota;c__Actinobacteria;o__Frankiales;f__Acidothermaceae;g__Acidothermus;s__uncultured_actinobacterium	0.9620722561586883
323a81bdae1aa6da9e2770c8bd93d48a	d__Bacteria;p__Actinomycetota;c__Thermoleophilia;o__Solirubrobacterales;f__Solirubrobacteraceae;g__Incertae_Sedis;s__soil_metagenome	0.9999348960911348
0a01196767da73705feb2d1cde8e9c04	d__Bacteria;p__Pseudomonadota;c__Alphaproteobacteria;o__Acetobacterales;f__Acetobacteraceae;g__Acidocella	0.9999998977618288
0ed81e8edbcb411fa180bfad55a1754b	d__Bacteria;p__Patescibacteria;c__Saccharimonadia;o__Saccharimonadales;f__Incertae_Sedis;g__Incertae_Sedis;s__uncultured_bacterium	0.7532768837959608
9144d2987c0928ab8967afafa978adff	d__Bacteria;p__Actinomycetota;c__Actinobacteria;o__Frankiales;f__Acidothermaceae;g__Acidothermus;s__uncultured_actinobacterium	0.9761447191336076
ea6dada1dfd4ad40097474c9be2a1fb0	d__Bacteria;p__Pseudomonadota;c__Alphaproteobacteria;o__Acetobacterales;f__Acetobacteraceae;g__Acidocella;s__uncultured_Acidocella	0.7172139654135298
081f9f89082d79ee5de85e6efaa87f30	d__Bacteria;p__Acidobacteriota;c__Acidobacteriae;o__Terriglobales;f__Acidobacteriaceae_(Subgroup_1);g__Occallatibacter;s__bacterium_enrichment	0.8201376312090529
0f568ab955259a669e7ab8ddecd53947	d__Bacteria;p__Actinomycetota;c__Actinobacteria;o__Frankiales;f__Acidothermaceae;g__Acidothermus;s__uncultured_actinobacterium	0.9706822570070255
46a8ea1a8fa38799f302be9ef00683c0	d__Bacteria;p__Candidatus_Eremiobacterota;c__Eremiobacteria;o__Incertae_Sedis;f__Incertae_Sedis;g__Incertae_Sedis;s__uncultured_bacterium	0.8024359473885987
08229cefbac524334349dcf57301bc79	d__Bacteria;p__Actinomycetota;c__Actinobacteria;o__Frankiales;f__Acidothermaceae;g__Acidothermus;s__uncultured_actinobacterium	0.9666754915940116
d8b0b608621b2872354c2a718eab3d56	d__Bacteria;p__Acidobacteriota;c__Acidobacteriae;o__Terriglobales;f__Acidobacteriaceae_(Subgroup_1);g__Occallatibacter;s__bacterium_enrichment	0.812002866547391
41188d0ceab9882ae766dc73c8a15def	d__Bacteria;p__Pseudomonadota;c__Alphaproteobacteria;o__Acetobacterales;f__Acetobacteraceae;g__Acidocella	0.9861057478522298
f5199c91e9c2061d2a919b651030a185	d__Bacteria;p__Acidobacteriota;c__Acidobacteriae;o__Terriglobales;f__Acidobacteriaceae_(Subgroup_1);g__Occallatibacter;s__bacterium_enrichment	0.7988608430381595
6fc56b1def1b66f02ab6e627bbb76a9c	d__Bacteria;p__Patescibacteria;c__Saccharimonadia;o__Saccharimonadales;f__Incertae_Sedis;g__Incertae_Sedis;s__uncultured_bacterium	0.8026462037259401
98f239973199256948b23a6cb3266198	d__Bacteria;p__Actinomycetota;c__Acidimicrobiia;o__Acidimicrobiales;f__Acidimicrobiaceae;g__Acidiferrimicrobium;s__actinobacterium_BGR	0.9997550881360177
9ef5b7e03e9fd9062988fce0ef14b995	d__Bacteria;p__Pseudomonadota;c__Alphaproteobacteria;o__Acetobacterales;f__Acetobacteraceae;g__Acidocella	0.9999998815671346
f52a70a7e519558d75932f5a03c27459	d__Bacteria;p__Acidobacteriota;c__Acidobacteriae;o__Terriglobales;f__Acidobacteriaceae_(Subgroup_1);g__Occallatibacter;s__bacterium_enrichment	0.7128621764483215
a3c88365bdfd781b309224345f93eed8	d__Bacteria;p__Actinomycetota;c__Actinobacteria;o__Frankiales;f__Acidothermaceae;g__Acidothermus;s__uncultured_actinobacterium	0.9676372959613307
066b361eb4afeba41ce42fd067717d87	d__Bacteria;p__Patescibacteria;c__Saccharimonadia;o__Saccharimonadales;f__Incertae_Sedis;g__Incertae_Sedis;s__uncultured_bacterium	0.7934927113770157
387c1432ba18055fbfd309cb636d34b0	d__Bacteria;p__Pseudomonadota;c__Alphaproteobacteria;o__Acetobacterales;f__Acetobacteraceae;g__Acidocella	0.99149655451467
73f56524fe7156e180013f08b7411330	d__Bacteria;p__Candidatus_Eremiobacterota;c__Eremiobacteria;o__Incertae_Sedis;f__Incertae_Sedis;g__Incertae_Sedis;s__uncultured_bacterium	0.7277456366144229
40ae34e0cde90529639aa64b63717cec	d__Bacteria;p__Patescibacteria;c__Saccharimonadia;o__Saccharimonadales	0.9999999999870145
b4d9aeabbbdcfd938112d844bec4e34e	d__Bacteria;p__Patescibacteria;c__Saccharimonadia;o__Saccharimonadales;f__Incertae_Sedis;g__Incertae_Sedis;s__uncultured_bacterium	0.7606709397484321
d5088c0a1686b2f3d7a33e4fa362dc18	d__Bacteria;p__Candidatus_Eremiobacterota;c__Eremiobacteria;o__Incertae_Sedis;f__Incertae_Sedis;g__Incertae_Sedis;s__uncultured_bacterium	0.7583315564196117
3e298bea093167d92aa230d1763322a6	d__Bacteria;p__Candidatus_Eremiobacterota;c__Eremiobacteria;o__Incertae_Sedis;f__Incertae_Sedis;g__Incertae_Sedis	0.9999999961673692
c867663db21948b57909898bf56c2487	d__Bacteria;p__Acidobacteriota;c__Acidobacteriae;o__Terriglobales;f__Acidobacteriaceae_(Subgroup_1);g__Occallatibacter	0.8141376637478128
8024b4df123086bd52e34d41e0f891dc	d__Bacteria;p__Candidatus_Eremiobacterota;c__Eremiobacteria;o__Incertae_Sedis;f__Incertae_Sedis;g__Incertae_Sedis;s__uncultured_bacterium	0.7655813937255205
494fb2f4182ac3be6c4c8800fda98f47	d__Bacteria;p__Pseudomonadota;c__Alphaproteobacteria;o__Acetobacterales;f__Acetobacteraceae;g__Acidocella	0.9999998984595165
a1a7d576bf7e9d741969a89fa17a53d3	d__Bacteria;p__Actinomycetota;c__Actinobacteria;o__Frankiales;f__Acidothermaceae;g__Acidothermus;s__uncultured_actinobacterium	0.9807842377361018
6e6af175c94f730326fa33e2e1489d79	d__Bacteria;p__Actinomycetota;c__Acidimicrobiia;o__Acidimicrobiales;f__Acidimicrobiaceae;g__Acidiferrimicrobium;s__actinobacterium_BGR	0.9997848339471961
da9ca95156a0bd40098a35d4e58a458a	d__Bacteria;p__Actinomycetota;c__Acidimicrobiia;o__Acidimicrobiales;f__Acidimicrobiaceae;g__Acidiferrimicrobium;s__uncultured_thermal	0.8500437642151975
589c12b57078e832a329e17adabaf6e8	d__Bacteria;p__Pseudomonadota;c__Alphaproteobacteria;o__Acetobacterales;f__Acetobacteraceae;g__Acidocella	0.9999999097707044
507430d2190186977da62a7c3b507d7c	d__Bacteria;p__Pseudomonadota;c__Alphaproteobacteria;o__Acetobacterales;f__Acetobacteraceae;g__Acidocella	0.9909862685844817
ab804d32caed0886133092461750c6fb	d__Bacteria;p__Actinomycetota;c__Actinobacteria;o__Frankiales;f__Acidothermaceae;g__Acidothermus;s__uncultured_actinobacterium	0.9742887970943149
90b6f0b008f7fc1999fbe0c75fa9ddda	d__Bacteria;p__Planctomycetota;c__Phycisphaerae;o__Tepidisphaerales;f__WD2101_soil_group;g__Incertae_Sedis;s__uncultured_bacterium	0.821075083539305
faba277329fbb1ae2ec2f23a935174f0	d__Bacteria;p__Candidatus_Eremiobacterota;c__Eremiobacteria;o__Incertae_Sedis;f__Incertae_Sedis;g__Incertae_Sedis;s__uncultured_bacterium	0.8563458794572653
ab5a20db3c4141c122ca0187ec144294	d__Bacteria;p__Pseudomonadota;c__Alphaproteobacteria;o__Acetobacterales;f__Acetobacteraceae;g__Acidocella;s__uncultured_Acidocella	0.7172151111037446
f767505f4fb608f33dcc87fdd498b412	d__Bacteria;p__Actinomycetota;c__Actinobacteria;o__Frankiales;f__Acidothermaceae;g__Acidothermus;s__uncultured_Thermomonosporaceae	0.9770170808370406
7d4060708f83e82d45b73ac0e90d5c2f	d__Bacteria;p__Actinomycetota;c__Acidimicrobiia;o__Acidimicrobiales;f__Acidimicrobiaceae;g__Acidiferrimicrobium;s__uncultured_thermal	0.8234098609095658
7db7f476d4c2fdd34271dbaf04220013	d__Bacteria;p__Planctomycetota;c__Phycisphaerae;o__Tepidisphaerales;f__WD2101_soil_group;g__Incertae_Sedis;s__uncultured_bacterium	0.9157276740292831
ebd0408c1e5bf13fb99bfaea19dd533d	d__Bacteria;p__Pseudomonadota;c__Gammaproteobacteria;o__Burkholderiales;f__Alcaligenaceae;g__Bordetella;s__uncultured_bacterium	0.9607614086002352
990cab94ad545923eb59824c24c706bf	d__Bacteria;p__Bacteroidota;c__Bacteroidia;o__Flavobacteriales;f__Weeksellaceae;g__Cloacibacterium;s__Flavobacteriaceae_bacterium	0.7431159709352276
0df206964bec6265c7ae207e93404fbe	d__Bacteria;p__Actinomycetota;c__Thermoleophilia;o__Solirubrobacterales;f__Solirubrobacteraceae;g__Conexibacter;s__uncultured_bacterium	0.9490097389784944
75ce2211f73294b40e59a0fdb79961a7	d__Bacteria;p__Pseudomonadota;c__Gammaproteobacteria;o__Enterobacterales;f__Enterobacteriaceae;g__Escherichia-Shigella;s__Shigella_flexneri	0.734025621804927
fbb09563955fe3275cf396c09ad56924	d__Bacteria;p__Pseudomonadota;c__Gammaproteobacteria;o__Burkholderiales;f__Comamonadaceae;g__Aquabacterium;s__metagenome	0.7977019264237197
5255f75f9213b7a8c16bcca4461fd1d5	d__Bacteria;p__Pseudomonadota;c__Gammaproteobacteria;o__Burkholderiales;f__Alcaligenaceae;g__Bordetella;s__uncultured_bacterium	0.9550599622288144
e140500f0f532aa1dd9724a92c261134	d__Bacteria;p__Actinomycetota;c__Thermoleophilia;o__Solirubrobacterales;f__Solirubrobacteraceae;g__Conexibacter;s__uncultured_Conexibacteraceae	0.9139294308659982
396f2d8a49f530e83e2837d52e907ea5	d__Bacteria;p__Actinomycetota;c__Thermoleophilia;o__Solirubrobacterales;f__Solirubrobacteraceae;g__Conexibacter;s__uncultured_Conexibacteraceae	0.9419149247063455
0ca7a5a0ccf7ff8ede46e71869a7e9cb	d__Bacteria;p__Pseudomonadota;c__Alphaproteobacteria;o__Acetobacterales;f__Acetobacteraceae;g__Acidocella;s__uncultured_bacterium	0.7844251368908438
8eb11666f56c7642749e419555edb819	d__Bacteria;p__Actinomycetota;c__Thermoleophilia;o__Solirubrobacterales;f__Solirubrobacteraceae;g__Conexibacter	0.9835947301058108
df8279dfad5e904d0a3fb0f0dc7d5a0f	d__Bacteria;p__Patescibacteria;c__Saccharimonadia;o__Saccharimonadales	0.9999999999936255
ebe77b5d9f8f88cfb61f49bd84d6db79	d__Bacteria;p__Pseudomonadota;c__Gammaproteobacteria;o__Gammaproteobacteria_Incertae_Sedis;f__Unknown_Family;g__Acidibacter;s__Acidibacter_ferrireducens	0.8846491948324128
a5968cc356ee80660a9a4a4f51f72c0e	d__Bacteria;p__Candidatus_Eremiobacterota;c__Eremiobacteria;o__Incertae_Sedis;f__Incertae_Sedis;g__Incertae_Sedis	0.9999999968195206
4b603b32137356e38a3c49cb4ebfbb69	d__Bacteria;p__Pseudomonadota;c__Alphaproteobacteria;o__Acetobacterales;f__Acetobacteraceae;g__Acidocella;s__uncultured_Acidocella	0.7171920786136258
ca66a05a6623825649ac1a1df5962919	d__Bacteria	0.9997517147891842
a453e12a2cf4d24130c4747c4170c60a	d__Bacteria;p__Actinomycetota;c__Actinobacteria;o__Frankiales;f__Acidothermaceae;g__Acidothermus;s__uncultured_actinobacterium	0.9558974194804651
f073ad8435e9952eb9dd4a4cd473d6f5	d__Bacteria;p__Actinomycetota;c__Acidimicrobiia;o__Acidimicrobiales;f__Acidimicrobiaceae;g__Acidiferrimicrobium;s__actinobacterium_BGR	0.9997539506868613
e748cadbf229aa1be5f66c72279fef61	d__Bacteria;p__Cyanobacteriota;c__Cyanobacteriia;o__Chloroplast;f__Incertae_Sedis;g__Incertae_Sedis;s__Citrus_maxima	0.9785667972921406
5d052279398a66aaa41a99eb368f3ef0	d__Bacteria;p__Pseudomonadota;c__Alphaproteobacteria;o__Acetobacterales;f__Acetobacteraceae;g__Acidocella	0.9974250102328941
5af2c330129d1142b0e839afdb270333	d__Bacteria;p__Pseudomonadota;c__Alphaproteobacteria;o__Acetobacterales;f__Acetobacteraceae;g__Acidocella	0.9910218531101098
1e6727871efa82106548bc4800bde2fe	d__Bacteria;p__Pseudomonadota;c__Alphaproteobacteria;o__Hyphomicrobiales;f__Beijerinckiaceae;g__Methylocapsa;s__uncultured_bacterium	0.8314815126793551
bc455c7f78207d58daba0cd42e472028	d__Bacteria;p__Pseudomonadota;c__Alphaproteobacteria;o__Acetobacterales;f__Acetobacteraceae;g__Acidocella	0.9928432095221782
fa4ea626473fbef89b8ee663833c3203	d__Bacteria;p__Pseudomonadota;c__Alphaproteobacteria;o__Hyphomicrobiales;f__Beijerinckiaceae;g__Methylocapsa;s__uncultured_bacterium	0.8291130527059788
1cb8a7becf492c01fa94831a91c2c294	d__Bacteria;p__Actinomycetota;c__Acidimicrobiia;o__Acidimicrobiales;f__Acidimicrobiaceae;g__Acidiferrimicrobium;s__uncultured_thermal	0.8782137226964722
43974b96b1fbf373da20499c02edae4f	d__Bacteria;p__Actinomycetota;c__Acidimicrobiia;o__Acidimicrobiales;f__Acidimicrobiaceae;g__Acidiferrimicrobium;s__actinobacterium_BGR	0.9997580603613021
360a14ad26852cc1a72bbb431db87573	d__Bacteria;p__Pseudomonadota;c__Alphaproteobacteria;o__Acetobacterales;f__Acetobacteraceae;g__Acidocella;s__uncultured_Acidocella	0.7171917096869662
ec724ea48562251590726fe2e2716b60	d__Bacteria;p__Actinomycetota;c__Acidimicrobiia;o__Acidimicrobiales;f__Acidimicrobiaceae;g__Acidiferrimicrobium;s__uncultured_thermal	0.7263534589997357
273fa09664d14e45b0b50f837686bf29	d__Bacteria;p__Actinomycetota;c__Acidimicrobiia;o__Acidimicrobiales;f__Acidimicrobiaceae;g__Acidiferrimicrobium;s__actinobacterium_BGR	0.9997389894140584
3c87d3401cf448883a9862118628df8d	d__Bacteria;p__Acidobacteriota;c__Acidobacteriae;o__Terriglobales;f__Acidobacteriaceae_(Subgroup_1);g__Occallatibacter;s__bacterium_enrichment	0.8428319398890757
12c1491ac8e34ab66f6d4bc7f8e71aca	d__Bacteria;p__Actinomycetota;c__Actinobacteria;o__Frankiales;f__Acidothermaceae;g__Acidothermus;s__uncultured_actinobacterium	0.975738589675367
0d25f4d42b77ca893d3d087521a16ad2	d__Bacteria;p__Patescibacteria;c__Saccharimonadia;o__Saccharimonadales	0.9999999999889817
b97c378b74a0cf3cab7579874fc5d692	d__Bacteria;p__Pseudomonadota;c__Alphaproteobacteria;o__Acetobacterales;f__Acetobacteraceae;g__Acidocella	0.9999998920902287
e4271a503a23ed3167297c57c2db09a7	d__Bacteria;p__Patescibacteria;c__Saccharimonadia;o__Saccharimonadales	0.9999999999885397
d7103fa3ae5fe0f150d067888ee22022	d__Bacteria;p__Pseudomonadota;c__Alphaproteobacteria;o__Acetobacterales;f__Acetobacteraceae;g__Acidocella;s__uncultured_Acidocella	0.7170389212406494
a6031b15409e0792dd84a73c64b1453d	d__Bacteria;p__Pseudomonadota;c__Alphaproteobacteria;o__Acetobacterales;f__Acetobacteraceae;g__Acidocella	0.9999832264987638
e37bffd22a5cadcc5864c21d4f7eec9f	d__Bacteria;p__Actinomycetota;c__Acidimicrobiia;o__Acidimicrobiales;f__Acidimicrobiaceae;g__Acidiferrimicrobium;s__actinobacterium_BGR	0.9997698095607168
415dcea59e7c9e9db7317ad8b860653f	d__Bacteria;p__Actinomycetota;c__Actinobacteria;o__Mycobacteriales;f__Mycobacteriaceae;g__Mycobacterium	0.9999999790174172
983050871a2b689da15f8692ee4133ba	d__Bacteria;p__Actinomycetota;c__Acidimicrobiia;o__Acidimicrobiales;f__Acidimicrobiaceae;g__Acidiferrimicrobium;s__actinobacterium_BGR	0.9997837753745419
3c1da5ffdbbc2cd9a35f1f3006f4152d	d__Bacteria;p__Acidobacteriota;c__Acidobacteriae;o__Terriglobales;f__Acidobacteriaceae_(Subgroup_1);g__Occallatibacter;s__bacterium_enrichment	0.8706906169932694
a36366d82aa921b2f0cd774c15915d60	d__Bacteria;p__Acidobacteriota;c__Acidobacteriae;o__Terriglobales;f__Acidobacteriaceae_(Subgroup_1);g__Occallatibacter	0.9734543505143737
ec479b13ac543926a3e6bd088d40e562	d__Bacteria;p__Actinomycetota;c__Thermoleophilia;o__Solirubrobacterales;f__Solirubrobacteraceae;g__Conexibacter	0.7920309189415934
6b2d8dc7fdb9a21c37e62f51e9355767	d__Bacteria;p__Pseudomonadota;c__Alphaproteobacteria;o__Acetobacterales;f__Acetobacteraceae;g__Acidocella;s__uncultured_Acidocella	0.7166732950049939
43ebf7c6d25899cac8d5612805375d5e	d__Bacteria;p__Pseudomonadota;c__Alphaproteobacteria;o__Rickettsiales;f__Mitochondria;g__Incertae_Sedis;s__Arachis_hypogaea	0.772245270541126
374779b1c2129be5e7a5d5caf67c8b3a	d__Bacteria;p__Acidobacteriota;c__Acidobacteriae;o__Terriglobales;f__Acidobacteriaceae_(Subgroup_1);g__Occallatibacter;s__bacterium_enrichment	0.7448688428020722
be4b5359ec6620d2fa449ec48b670b3c	d__Bacteria;p__Pseudomonadota;c__Alphaproteobacteria;o__Acetobacterales;f__Acetobacteraceae;g__Acidocella	0.9875187336203048
1d2767db3f813d3d2c189dc1015e60e9	d__Bacteria;p__Actinomycetota;c__Thermoleophilia;o__Solirubrobacterales;f__Solirubrobacteraceae;g__Conexibacter	0.9803971805573165
871d9c2f53bff9ceb9bc4ec3ed6acd6a	d__Bacteria;p__Candidatus_Eremiobacterota;c__Eremiobacteria;o__Incertae_Sedis;f__Incertae_Sedis;g__Incertae_Sedis;s__uncultured_bacterium	0.8185686546889485
00e886904276339a2f95e9053c8f3574	d__Bacteria;p__Patescibacteria;c__Saccharimonadia;o__Saccharimonadales;f__Incertae_Sedis;g__Incertae_Sedis;s__uncultured_bacterium	0.757451599441161
891ca2f37944cdc3e176010c46f4a424	d__Bacteria;p__Actinomycetota;c__Acidimicrobiia;o__Acidimicrobiales;f__Acidimicrobiaceae;g__Acidiferrimicrobium;s__actinobacterium_BGR	0.9996991811329613
108b159dfb97f5b18e85588bd8740bdc	d__Bacteria;p__Bdellovibrionota;c__Oligoflexia;o__0319-6G20;f__Incertae_Sedis;g__Incertae_Sedis;s__uncultured_bacterium	0.8027201706111722
771ee18a5ca373299dd43dd562fdee42	d__Bacteria;p__Actinomycetota;c__Thermoleophilia;o__Solirubrobacterales;f__Solirubrobacteraceae;g__Conexibacter	0.9920983994138234
d3b84f12eef3864e0100344cbb599efd	d__Bacteria;p__Actinomycetota;c__Thermoleophilia;o__Solirubrobacterales;f__Solirubrobacteraceae;g__Conexibacter	0.9828058711803911
6a4918868b3d432fa15ea1e9a4be4b64	d__Bacteria;p__Cyanobacteriota;c__Cyanobacteriia;o__Chloroplast;f__Incertae_Sedis;g__Incertae_Sedis;s__Citrus_maxima	0.9785489956443868
5d95fe4cc2a000a5f7ae2ed0d75dc8a5	d__Bacteria;p__Acidobacteriota;c__Acidobacteriae;o__Terriglobales;f__Acidobacteriaceae_(Subgroup_1);g__Occallatibacter	0.9663721914248579
270a3aea3b562a13897e6cbc280b2f17	d__Bacteria;p__Actinomycetota;c__Acidimicrobiia;o__Acidimicrobiales;f__Acidimicrobiaceae;g__Acidiferrimicrobium	0.7819802160342741
4bf06d2ff51c1f66bc4b269c8c877033	d__Bacteria;p__Actinomycetota;c__Acidimicrobiia;o__Acidimicrobiales;f__Acidimicrobiaceae;g__Acidiferrimicrobium;s__uncultured_thermal	0.7829710731166689
1d386feedbfa380f614f8ed08c934f94	d__Bacteria;p__Patescibacteria;c__Saccharimonadia;o__Saccharimonadales	0.9999999999933213
61f52f53ca7c56579bbcabfea2348046	d__Bacteria;p__Pseudomonadota;c__Alphaproteobacteria;o__Acetobacterales;f__Acetobacteraceae;g__Acidocella	0.9985746705211627
36dd30e7827997cf586e3b3bfffae96f	d__Bacteria;p__Actinomycetota;c__Acidimicrobiia;o__Acidimicrobiales;f__Acidimicrobiaceae;g__Acidiferrimicrobium	0.8020338300932087
9ac5b5bbfd58f333aeb42fc6db6d21b3	d__Bacteria;p__Actinomycetota;c__Acidimicrobiia;o__Acidimicrobiales;f__Acidimicrobiaceae;g__Acidiferrimicrobium;s__actinobacterium_BGR	0.999696861799548
07dcdd9eaf378faaf1b85063417bc2f3	d__Bacteria;p__Pseudomonadota;c__Alphaproteobacteria;o__Rickettsiales;f__Mitochondria;g__Incertae_Sedis	0.8626737486256383
4ae267f339e078842c9170dd3103e7a1	d__Bacteria;p__Pseudomonadota;c__Alphaproteobacteria;o__Acetobacterales;f__Acetobacteraceae;g__Acidocella	0.9999856136679591
95a25d514a943476b134b780c048ac2a	d__Bacteria;p__Pseudomonadota;c__Gammaproteobacteria;o__Lysobacterales;f__Rhodanobacteraceae;g__Dyella	0.9584731474898152
79bf5c02af26658953fc84427bece09b	d__Bacteria;p__Acidobacteriota;c__Acidobacteriae;o__Terriglobales;f__Acidobacteriaceae_(Subgroup_1);g__Granulicella;s__uncultured_eubacterium	0.957716569889403
1d9d737df77945d276e1e5e4c515e998	d__Bacteria;p__Actinomycetota;c__Thermoleophilia;o__Solirubrobacterales;f__Solirubrobacteraceae;g__Conexibacter;s__uncultured_bacterium	0.9700278847976206
9e736a674503c9d20b4d422a44b54de2	d__Bacteria;p__Dependentiae;c__Babeliae;o__Babeliales;f__Vermiphilaceae;g__Incertae_Sedis;s__uncultured_bacterium	0.730003508804224
2968240e72af1963ad016a01540ea568	d__Bacteria;p__Pseudomonadota;c__Gammaproteobacteria;o__Lysobacterales;f__Rhodanobacteraceae;g__Dyella	0.9642508722406462
909d249fe2cbba5c1aad21114dfd0f10	d__Bacteria;p__Pseudomonadota;c__Alphaproteobacteria;o__Rickettsiales;f__Mitochondria;g__Incertae_Sedis	0.9999999999869548
cbc8489474acc35f6332f6030fe851af	d__Bacteria;p__Pseudomonadota;c__Alphaproteobacteria;o__Acetobacterales;f__Acetobacteraceae;g__Acidocella;s__uncultured_bacterium	0.7844231217286293
29e82d8d602b4dfd4f61fef882ae95e2	d__Bacteria;p__Actinomycetota;c__Thermoleophilia;o__Solirubrobacterales;f__Solirubrobacteraceae;g__Conexibacter	0.9242194056946418
e71945637314ddaee7f2860f038413d0	d__Bacteria	0.9999999999210247
5c9c1ae237a0b8c730c6543e30e55733	d__Bacteria;p__Pseudomonadota;c__Alphaproteobacteria;o__Acetobacterales;f__Acetobacteraceae;g__Acidocella;s__uncultured_bacterium	0.7983299190151306
80615c3f5df1c5ed3f54521f8ed9f914	d__Bacteria;p__Actinomycetota;c__Acidimicrobiia;o__Acidimicrobiales;f__Acidimicrobiaceae;g__Acidiferrimicrobium;s__uncultured_thermal	0.8511624509780149
fc4e1670dbc2991a398a9d12eb2402a8	d__Bacteria;p__Patescibacteria;c__Saccharimonadia;o__Saccharimonadales;f__Incertae_Sedis;g__Incertae_Sedis;s__uncultured_bacterium	0.9573839643421266
d7ba12b8963f7b6bf8b956fbb6351634	d__Bacteria;p__Actinomycetota;c__Thermoleophilia;o__Solirubrobacterales;f__Solirubrobacteraceae;g__Conexibacter	0.9912124649743681
1dfd3dcff337abd8892a856ee0ae2e13	d__Bacteria;p__Acidobacteriota;c__Acidobacteriae;o__Terriglobales;f__Acidobacteriaceae_(Subgroup_1);g__Occallatibacter;s__bacterium_enrichment	0.7366816517675263
cc4e404b908514fb3802bd38e03281f5	d__Bacteria;p__Pseudomonadota;c__Alphaproteobacteria;o__Acetobacterales;f__Acetobacteraceae;g__Acidocella;s__uncultured_Acidocella	0.717192388327189
e4736d2f6c922302d6861f491748715b	d__Bacteria;p__Pseudomonadota;c__Alphaproteobacteria;o__Acetobacterales;f__Acetobacteraceae	0.999999841922331
488c28ff55dc067215d429f83b48bd69	d__Bacteria;p__Pseudomonadota;c__Alphaproteobacteria;o__Acetobacterales;f__Acetobacteraceae;g__Acidocella	0.9999998701079668
5db63d7b36ca0da2224e30c662a59416	d__Bacteria;p__Patescibacteria;c__Saccharimonadia;o__Saccharimonadales	0.9999999999848951
b699f212f579ddd9f7e47debb70f9938	d__Bacteria;p__Actinomycetota;c__Actinobacteria;o__Frankiales;f__Acidothermaceae;g__Acidothermus;s__uncultured_actinobacterium	0.977825963509041
a8d96f34c16ff968292d256f4ccc968b	d__Bacteria	0.9987481956024955
40a3af61f9bfc35f91d7d429955b60f7	d__Bacteria;p__Acidobacteriota;c__Acidobacteriae;o__Terriglobales;f__Acidobacteriaceae_(Subgroup_1);g__Occallatibacter;s__bacterium_enrichment	0.744521789504267
2a839d085f12085154423c9cb249b835	d__Bacteria;p__Pseudomonadota;c__Gammaproteobacteria;o__Gammaproteobacteria_Incertae_Sedis;f__Unknown_Family;g__Acidibacter;s__Acidibacter_ferrireducens	0.902999729062624
209e188b0e431eb4ede03d868c1a5b11	d__Bacteria;p__Pseudomonadota;c__Alphaproteobacteria;o__Acetobacterales;f__Acetobacteraceae;g__Acidocella	0.9906537311635806
91efae2ab670b18a3a3b1760b4462cf8	d__Bacteria;p__Patescibacteria;c__Saccharimonadia;o__Saccharimonadales	0.9999999999932897
e9efd1aab48f0f0877b5a211bcc0e170	d__Bacteria;p__Pseudomonadota;c__Alphaproteobacteria;o__Acetobacterales;f__Acetobacteraceae;g__Acidocella;s__uncultured_Acidocella	0.7166728799937833
5ea77dcaaf9eab77f356836353bd4854	d__Bacteria;p__Pseudomonadota;c__Alphaproteobacteria;o__Acetobacterales;f__Acetobacteraceae;g__Acidocella	0.9933426739330309
2f3f532f3dba975d1a99c7c735a77b6b	d__Bacteria;p__Pseudomonadota;c__Gammaproteobacteria;o__Gammaproteobacteria_Incertae_Sedis;f__Unknown_Family;g__Acidibacter;s__Acidibacter_ferrireducens	0.8683055714552779
c65b1c7a1346bb017e3fdec321d1d526	d__Bacteria;p__Pseudomonadota;c__Alphaproteobacteria;o__Acetobacterales;f__Acetobacteraceae;g__Acidocella	0.9999998912556953
2e32907a0311c119168b6933bdc69b41	d__Bacteria;p__Pseudomonadota;c__Alphaproteobacteria;o__Acetobacterales;f__Acetobacteraceae;g__Acidocella;s__uncultured_Acidocella	0.7174729610389001
d2c4a0f5e76157c0935894dfcb91923c	d__Bacteria;p__Actinomycetota;c__Acidimicrobiia;o__Acidimicrobiales;f__Acidimicrobiaceae;g__Acidiferrimicrobium;s__actinobacterium_BGR	0.9997725227451213
6b1a4ad1782442ebfcc8a249ddcb81d4	d__Bacteria;p__Actinomycetota;c__Acidimicrobiia;o__Acidimicrobiales;f__Acidimicrobiaceae;g__Acidiferrimicrobium;s__actinobacterium_BGR	0.9997783373233559
bdbcefb745ecf7b92540f9b675c345d0	d__Bacteria;p__Acidobacteriota;c__Acidobacteriae;o__Terriglobales;f__Acidobacteriaceae_(Subgroup_1);g__Occallatibacter;s__bacterium_enrichment	0.8478167427524685
86acbe1db10268ccf7b1e697707064c0	d__Bacteria;p__Pseudomonadota;c__Gammaproteobacteria;o__Burkholderiales;f__Burkholderiaceae;g__Cupriavidus	0.9996272219154165
313b446c8ac6c3adf64c2b84f24b3a69	d__Bacteria;p__Pseudomonadota;c__Alphaproteobacteria;o__Acetobacterales;f__Acetobacteraceae;g__Acidocella	0.9999998909332225
d42c8a61ace545366a596249f4e84965	d__Bacteria;p__Actinomycetota;c__Actinobacteria;o__Frankiales;f__Acidothermaceae;g__Acidothermus;s__uncultured_actinobacterium	0.9661144852151212
ba42df63a9b957292d4c11e377c5dfb0	d__Bacteria;p__Pseudomonadota;c__Alphaproteobacteria;o__Acetobacterales;f__Acetobacteraceae;g__Acidocella;s__uncultured_Acidocella	0.7644723661131875
27081200bf112803f53cf18ad0e2f960	d__Bacteria;p__Actinomycetota;c__Thermoleophilia;o__Solirubrobacterales;f__Solirubrobacteraceae;g__Conexibacter	0.8018752477016206
4c34e5396fbf886652516067c3902e60	d__Bacteria;p__Patescibacteria;c__Saccharimonadia;o__Saccharimonadales;f__Incertae_Sedis;g__Incertae_Sedis;s__uncultured_bacterium	0.9991679591175565
29e7353c736cbd812860489b2f317b39	d__Bacteria;p__Actinomycetota;c__Actinobacteria;o__Mycobacteriales;f__Mycobacteriaceae;g__Mycobacterium	0.9999999794621317
50d1e817e4688058642d32ffae699179	d__Bacteria;p__Actinomycetota;c__Acidimicrobiia;o__Acidimicrobiales;f__Acidimicrobiaceae;g__Acidiferrimicrobium;s__uncultured_thermal	0.8234296383287923
ef178bde5159829e6320ab2c235e3573	d__Bacteria;p__Patescibacteria;c__Saccharimonadia;o__Saccharimonadales;f__Incertae_Sedis;g__Incertae_Sedis;s__uncultured_bacterium	0.7676451675067988
80d31074b1670a8481521ef1fcbf41b4	d__Bacteria;p__Actinomycetota;c__Actinobacteria;o__Frankiales;f__Acidothermaceae;g__Acidothermus;s__uncultured_actinobacterium	0.9675461001867756
45d41fc4cc92ee70d738d90ef94ebf64	d__Bacteria;p__Pseudomonadota;c__Alphaproteobacteria;o__Acetobacterales;f__Acetobacteraceae;g__Acidocella	0.9928486891273618
db6e92c88bbe11de322fd040ab0bf659	d__Bacteria;p__Actinomycetota;c__Thermoleophilia;o__Solirubrobacterales;f__Solirubrobacteraceae;g__Conexibacter	0.9827189155092977
17479f2447a86c845e43495e2d5cad90	d__Bacteria;p__Actinomycetota;c__Thermoleophilia;o__Solirubrobacterales;f__Solirubrobacteraceae;g__Conexibacter	0.7892026955396272
453fdd79bfd37f676bf77d8a7d28ef47	d__Bacteria;p__Actinomycetota;c__Thermoleophilia;o__Solirubrobacterales;f__Solirubrobacteraceae;g__Conexibacter	0.9853067412976773
2487d4e53ac3785f9e4c3b6f4556cc28	d__Bacteria;p__Actinomycetota;c__Actinobacteria;o__Frankiales;f__Acidothermaceae;g__Acidothermus;s__uncultured_actinobacterium	0.9673356659527971
6682f3e48d56c8ab2ba054118c7b52d9	d__Bacteria;p__Actinomycetota;c__Acidimicrobiia;o__Acidimicrobiales;f__Acidimicrobiaceae;g__Acidiferrimicrobium;s__actinobacterium_BGR	0.9997180808028285
a806bd4cddec8c1e6dbdc4a13ec66e0b	d__Bacteria;p__Pseudomonadota;c__Alphaproteobacteria;o__Acetobacterales;f__Acetobacteraceae;g__Acidocella	0.989456889398581
12be3ebcd2cf07df2dc16690812c0226	d__Bacteria;p__Actinomycetota;c__Acidimicrobiia;o__Acidimicrobiales;f__Acidimicrobiaceae;g__Acidiferrimicrobium;s__actinobacterium_BGR	0.9997759955277309
5ee59e5be042a033f0fa9a3499d8bfd8	d__Bacteria;p__Patescibacteria;c__Saccharimonadia;o__Saccharimonadales	0.9999999999877982
472e89d014344926688560d63fd68b7f	d__Bacteria	0.999848245681405
01dbc1484130ca6aaaca87bd4a66e36a	d__Bacteria;p__Actinomycetota;c__Acidimicrobiia;o__Acidimicrobiales;f__Acidimicrobiaceae;g__Acidiferrimicrobium;s__actinobacterium_BGR	0.9997501165414998
17679232fa402e5d2602056e7ce204fc	d__Bacteria;p__Pseudomonadota;c__Alphaproteobacteria;o__Acetobacterales;f__Acetobacteraceae;g__Acidocella	0.987785453601077
a28f9fe209c9ff18ca548c7bd6baba1f	d__Bacteria;p__Patescibacteria;c__Saccharimonadia;o__Saccharimonadales;f__Incertae_Sedis;g__Incertae_Sedis;s__uncultured_bacterium	0.9847214458210579
0f3b4907f333a74b25762968220fc48f	d__Bacteria;p__Pseudomonadota;c__Alphaproteobacteria;o__Acetobacterales;f__Acetobacteraceae;g__Acidocella	0.99044298822024
73121817f4127d3520a7e41005bc3022	d__Bacteria;p__Patescibacteria;c__Saccharimonadia;o__Saccharimonadales	0.9999999999924324
a3b52afe8873623123e428eb516c088a	d__Bacteria;p__Candidatus_Eremiobacterota;c__Eremiobacteria;o__Incertae_Sedis;f__Incertae_Sedis;g__Incertae_Sedis;s__uncultured_bacterium	0.8869714571039747
2297f121c7ad7b5c474878af9158d35b	d__Bacteria;p__Pseudomonadota;c__Alphaproteobacteria;o__Acetobacterales;f__Acetobacteraceae;g__Acidocella;s__uncultured_Acidocella	0.717450194433591
784648759a70ae10ed2b267c442d1e13	d__Bacteria;p__Actinomycetota;c__Acidimicrobiia;o__Acidimicrobiales;f__Acidimicrobiaceae;g__Acidiferrimicrobium;s__actinobacterium_BGR	0.9997647358567568
1b925ab9c18b6de5b3e8a380a4ef174b	d__Bacteria;p__Actinomycetota;c__Acidimicrobiia;o__Acidimicrobiales;f__Acidimicrobiaceae;g__Acidiferrimicrobium;s__uncultured_thermal	0.7869788448359282
ecca2a20a0f0ce51daad672311bf55b7	d__Bacteria;p__Pseudomonadota;c__Alphaproteobacteria;o__Rickettsiales;f__Mitochondria;g__Incertae_Sedis	0.8347922244228337
123d5358420d1f9e47d569716e3c5862	d__Bacteria;p__Patescibacteria;c__Saccharimonadia;o__Saccharimonadales	0.9999999999893073
2938b2dc126293bc6a5b8fbafb3264f5	d__Bacteria;p__Pseudomonadota;c__Alphaproteobacteria;o__Hyphomicrobiales;f__Beijerinckiaceae;g__Methylocapsa;s__uncultured_bacterium	0.8526606401806079
cb6c7031f46c77b0fe32e76dd892e581	d__Bacteria;p__Actinomycetota;c__Acidimicrobiia;o__Acidimicrobiales;f__Acidimicrobiaceae;g__Acidiferrimicrobium;s__uncultured_thermal	0.7367669683950215
34719c07c43d6b27a07fc9a73d8b4add	d__Bacteria;p__Patescibacteria;c__Saccharimonadia;o__Saccharimonadales	0.9999999999912653
b3391983c91f66ccbe4d611088982c5f	d__Bacteria;p__Pseudomonadota	0.7495128994534606
69b34208cca8e519644b40c16573a9d4	d__Bacteria;p__Actinomycetota;c__Thermoleophilia;o__Solirubrobacterales;f__Solirubrobacteraceae;g__Conexibacter	0.8938979521476088
fefeea45ff544a791d94430f11885c72	d__Bacteria;p__Actinomycetota;c__Thermoleophilia;o__Solirubrobacterales;f__Solirubrobacteraceae;g__Conexibacter;s__uncultured_Conexibacteraceae	0.9011042193721563
636d7c6c3f23f9c4c563ff2abf83c7f9	d__Bacteria;p__Pseudomonadota;c__Gammaproteobacteria;o__Lysobacterales;f__Rhodanobacteraceae;g__Dyella	0.9615149917661974
a37d8b94f41bcf72f818876974db57e7	d__Bacteria;p__Actinomycetota;c__Thermoleophilia;o__Solirubrobacterales;f__Solirubrobacteraceae;g__Conexibacter;s__uncultured_bacterium	0.9491821738158105
cec84035a3205af943be02d2f8c2f8f0	d__Bacteria;p__Pseudomonadota;c__Gammaproteobacteria;o__Lysobacterales;f__Rhodanobacteraceae;g__Dyella	0.9562649240356034
bef23d70dc441dc21598598d07fdb16f	d__Bacteria;p__Pseudomonadota;c__Alphaproteobacteria;o__Acetobacterales;f__Acetobacteraceae;g__Acidocella;s__uncultured_bacterium	0.7500734349596331
0ef0b55a526a43be8bb75cabd4c46df7	d__Bacteria;p__Actinomycetota;c__Thermoleophilia;o__Solirubrobacterales;f__Solirubrobacteraceae;g__Conexibacter;s__uncultured_bacterium	0.7424574766993052
9e8e7ff98883f48fe80adb9eb60e6d04	d__Bacteria;p__Pseudomonadota;c__Gammaproteobacteria;o__Enterobacterales;f__Enterobacteriaceae;g__Escherichia-Shigella	0.7632135506624208
af5f5ae107ba0fd01495ce70f7bd6af3	d__Bacteria;p__Actinomycetota;c__Acidimicrobiia;o__Acidimicrobiales;f__Acidimicrobiaceae;g__Acidiferrimicrobium;s__uncultured_thermal	0.8513624912694668
74ae4ba9badd780300085ef99b1a09f9	d__Bacteria;p__Actinomycetota;c__Acidimicrobiia;o__Acidimicrobiales;f__Acidimicrobiaceae;g__Acidiferrimicrobium;s__actinobacterium_BGR	0.9996922222591974
234fdc5f4b42727c00efcce6c86c7f25	d__Bacteria;p__Pseudomonadota;c__Alphaproteobacteria;o__Acetobacterales;f__Acetobacteraceae;g__Acidocella;s__uncultured_Acidocella	0.7170631471341306
565bab6a61c0cbf3bab588f69883ed04	d__Bacteria;p__Acidobacteriota;c__Acidobacteriae;o__Terriglobales;f__Acidobacteriaceae_(Subgroup_1);g__Occallatibacter	0.974049736607668
012737ba0f7e87887b2a699f7b7dd75e	d__Bacteria;p__Actinomycetota;c__Actinobacteria;o__Frankiales;f__Acidothermaceae;g__Acidothermus;s__uncultured_actinobacterium	0.9593471279798328
9f305e02982927044f235bab9184e642	d__Bacteria;p__Dependentiae;c__Babeliae;o__Babeliales;f__Vermiphilaceae;g__Incertae_Sedis;s__uncultured_bacterium	0.9977682360579632
e60d56e30ecc6c03e911568fa7f701fb	d__Bacteria;p__Pseudomonadota;c__Alphaproteobacteria;o__Acetobacterales;f__Acetobacteraceae;g__Acidocella;s__uncultured_Acidocella	0.717192501948287
998561ba5278f224e62a2e25c1e7aa2d	d__Bacteria;p__Pseudomonadota;c__Alphaproteobacteria;o__Hyphomicrobiales;f__Beijerinckiaceae;g__Methylocapsa;s__uncultured_bacterium	0.8228694754678391
3aee24a1fb7cb1f07f3bcbb0f7af3e5c	d__Bacteria;p__Actinomycetota;c__Thermoleophilia;o__Solirubrobacterales;f__Solirubrobacteraceae;g__Conexibacter	0.7802446932780838
f8ac0ceff0dbb3157ded10c1cb94fc39	d__Bacteria;p__Pseudomonadota;c__Alphaproteobacteria;o__Acetobacterales;f__Acetobacteraceae	0.999999772315724
00c57635088659e529ea0c6a6ea3c175	d__Bacteria;p__Pseudomonadota;c__Alphaproteobacteria;o__Acetobacterales;f__Acetobacteraceae;g__Acidocella	0.991926220786954
9a14e40af6d9f733692945777c123d04	d__Bacteria;p__Acidobacteriota;c__Acidobacteriae;o__Terriglobales;f__Acidobacteriaceae_(Subgroup_1);g__Occallatibacter;s__bacterium_enrichment	0.8422985746713799
0b3444e49453b9e269b272f4b7102b05	d__Bacteria;p__Actinomycetota;c__Acidimicrobiia;o__Acidimicrobiales;f__Acidimicrobiaceae;g__Acidiferrimicrobium;s__actinobacterium_BGR	0.9997867999383084
95930d135b4ea20fa8fc83cf234735e4	d__Bacteria;p__Actinomycetota;c__Actinobacteria;o__Frankiales;f__Acidothermaceae;g__Acidothermus;s__uncultured_actinobacterium	0.9673356645877119
21e8fbaeaec6d938dba0489b312ae41a	d__Bacteria;p__Patescibacteria;c__Saccharimonadia;o__Saccharimonadales;f__Incertae_Sedis;g__Incertae_Sedis;s__uncultured_bacterium	0.7621954202874928
0b79ecb298340b415c6ebd351f6208e0	d__Bacteria;p__Pseudomonadota;c__Alphaproteobacteria;o__Acetobacterales;f__Acetobacteraceae;g__Acidocella	0.9886694694540624
28beb2ae1d4d56eb6329c19e78305fb0	d__Bacteria;p__Pseudomonadota;c__Alphaproteobacteria;o__Acetobacterales;f__Acetobacteraceae;g__Acidocella;s__uncultured_Acidocella	0.7172133677148059
c46180c4aa7f4c05da814f1ea2c43757	d__Bacteria;p__Actinomycetota;c__Acidimicrobiia;o__Acidimicrobiales;f__Acidimicrobiaceae;g__Acidiferrimicrobium;s__uncultured_thermal	0.748540111216062
d95ddc07f922ddbe7c36a31cce8a8f51	d__Bacteria;p__Patescibacteria;c__Saccharimonadia;o__Saccharimonadales;f__Incertae_Sedis;g__Incertae_Sedis	0.715786031645493
905fa3bdee168a0c0c0ec1b7f1cd283b	d__Bacteria;p__Actinomycetota;c__Acidimicrobiia;o__Acidimicrobiales;f__Acidimicrobiaceae;g__Acidiferrimicrobium;s__uncultured_thermal	0.7478698292803537
0d08bb382b9f9a1fbc846fa74bef0259	d__Bacteria;p__Patescibacteria;c__Saccharimonadia;o__Saccharimonadales;f__Incertae_Sedis;g__Incertae_Sedis	0.7113902934331116
ca7a78c3033dbedba11e4d58bbeda06c	d__Bacteria;p__Actinomycetota;c__Thermoleophilia;o__Solirubrobacterales;f__Solirubrobacteraceae;g__Incertae_Sedis;s__soil_metagenome	0.999953787856764
64ed053772d46fef8e9d36921ee9d163	d__Bacteria;p__Actinomycetota;c__Acidimicrobiia;o__Acidimicrobiales;f__Acidimicrobiaceae;g__Acidiferrimicrobium;s__actinobacterium_BGR	0.9997977017188245
ea7878c53ad0c8987ab6e59a5033e5d6	d__Bacteria;p__Pseudomonadota;c__Alphaproteobacteria;o__Acetobacterales;f__Acetobacteraceae;g__Acidocella	0.9930868091548535
31c06722a7c72cc069925e1d7eeb2d5a	d__Bacteria;p__Pseudomonadota;c__Alphaproteobacteria;o__Acetobacterales;f__Acetobacteraceae;g__Acidocella	0.9894927677578634
8c7f4940bf3d4ba0481069bbd321b013	d__Bacteria;p__Pseudomonadota;c__Alphaproteobacteria;o__Acetobacterales;f__Acetobacteraceae;g__Acidocella;s__uncultured_Acidocella	0.7171913317536681
b6b9858f265c0286b7bcbb16d898204f	d__Bacteria;p__Actinomycetota;c__Actinobacteria;o__Frankiales;f__Acidothermaceae;g__Acidothermus;s__uncultured_actinobacterium	0.9558588055633357
5944e33d22bbb43be1909d124bc600bc	d__Bacteria;p__Pseudomonadota;c__Alphaproteobacteria;o__Acetobacterales;f__Acetobacteraceae;g__Acidocella;s__uncultured_Acidocella	0.7171894340012508
a3173c7367fcd2ac55d991f18f30677f	d__Bacteria;p__Actinomycetota;c__Acidimicrobiia;o__Acidimicrobiales;f__Acidimicrobiaceae;g__Acidiferrimicrobium;s__actinobacterium_BGR	0.9997579520737288
3b5a44e510911ca3292d1b4148bb2a55	d__Bacteria;p__Pseudomonadota;c__Alphaproteobacteria;o__Acetobacterales;f__Acetobacteraceae;g__Acidocella	0.9881509840244457
9ae885d639b1221d3322bddaab953d5c	d__Bacteria;p__Pseudomonadota;c__Alphaproteobacteria;o__Acetobacterales;f__Acetobacteraceae;g__Acidocella	0.9951229144277012
8255d1c9fde67759df71d713a8263781	d__Bacteria;p__Patescibacteria;c__Saccharimonadia;o__Saccharimonadales	0.9999999999909732
df2ac59ede081e441403080a59e869c8	d__Bacteria;p__Actinomycetota;c__Acidimicrobiia;o__Acidimicrobiales;f__Acidimicrobiaceae;g__Acidiferrimicrobium;s__actinobacterium_BGR	0.999771164477384
4e15b717ff77fd6ce7749de0b084ff7c	d__Bacteria;p__Actinomycetota;c__Thermoleophilia;o__Solirubrobacterales;f__Solirubrobacteraceae;g__Conexibacter;s__Conexibacter_sp.	0.7750113280194801
da9b9d7b7135d10ce0e8bc5b51d27ff1	d__Bacteria;p__Pseudomonadota;c__Alphaproteobacteria;o__Acetobacterales;f__Acetobacteraceae;g__Acidocella	0.9970817613956151
6d9c6e3b8633587e692add162cb0314b	d__Bacteria;p__Pseudomonadota;c__Alphaproteobacteria;o__Acetobacterales;f__Acetobacteraceae;g__Acidocella;s__uncultured_Acidocella	0.7174738989316445
d5bb0b706d40cc93c8d6d34d42d0df36	d__Bacteria;p__Pseudomonadota;c__Alphaproteobacteria;o__Acetobacterales;f__Acetobacteraceae;g__Acidocella;s__uncultured_Acidocella	0.7172147989506723
11b41e1d1a9f11ee42c661f72eb45adb	d__Bacteria;p__Patescibacteria;c__Saccharimonadia;o__Saccharimonadales;f__Incertae_Sedis;g__Incertae_Sedis;s__uncultured_bacterium	0.8210161682551429
36e0cbb051b86f7ac2994f6b2e1995f7	d__Bacteria;p__Actinomycetota;c__Acidimicrobiia;o__Acidimicrobiales;f__Acidimicrobiaceae;g__Acidiferrimicrobium;s__uncultured_thermal	0.8133243868370467
3ce3289e70deffbdc386586ecffe39b5	d__Bacteria;p__Acidobacteriota;c__Acidobacteriae;o__Terriglobales;f__Acidobacteriaceae_(Subgroup_1);g__Occallatibacter;s__bacterium_enrichment	0.7050761969541689
f64a85766d82e9e6b434a13ecfb6c040	d__Bacteria;p__Actinomycetota;c__Acidimicrobiia;o__Acidimicrobiales;f__Acidimicrobiaceae;g__Acidiferrimicrobium;s__actinobacterium_BGR	0.9997809884086416
0a6594da360a910e933f01343712c6f3	d__Bacteria;p__Pseudomonadota;c__Alphaproteobacteria;o__Hyphomicrobiales;f__Beijerinckiaceae;g__Methylocapsa;s__uncultured_bacterium	0.8295531826169783
b063045ec80cf516dbc5b7fc00a30495	d__Bacteria;p__Actinomycetota;c__Thermoleophilia;o__Solirubrobacterales;f__Solirubrobacteraceae;g__Conexibacter	0.99392449241192
3a0136e634ded23a32dce3f1c2b7ad23	d__Bacteria;p__Patescibacteria;c__Saccharimonadia;o__Saccharimonadales	0.9999999999798562
482ad0e44b857ce23bf814b5eda48c47	d__Bacteria;p__Pseudomonadota;c__Alphaproteobacteria;o__Acetobacterales;f__Acetobacteraceae;g__Acidocella	0.9948912268287805
f7bc956d15cc983f9cf0cb98694ceaa4	d__Bacteria;p__Pseudomonadota;c__Alphaproteobacteria;o__Acetobacterales;f__Acetobacteraceae;g__Acidocella;s__uncultured_Acidocella	0.7619115924611651
fb6a0b59e39e77d3dfeda1816d452f5d	d__Bacteria;p__Acidobacteriota;c__Acidobacteriae;o__Terriglobales;f__Acidobacteriaceae_(Subgroup_1);g__Occallatibacter	0.9522526977698924
2c72aa2f5c36c9e684090b8cb3fe21ba	d__Bacteria;p__Pseudomonadota;c__Gammaproteobacteria;o__Gammaproteobacteria_Incertae_Sedis;f__Unknown_Family;g__Acidibacter;s__Acidibacter_ferrireducens	0.8513615357495904
f255b305d19b90e1a6187fe2932af0fb	d__Bacteria;p__Pseudomonadota;c__Alphaproteobacteria;o__Hyphomicrobiales;f__Beijerinckiaceae;g__Methylocapsa;s__uncultured_bacterium	0.8305605668083819
c747e5ea442ef6cb77a7b035c52163c7	d__Bacteria;p__Pseudomonadota;c__Alphaproteobacteria;o__Acetobacterales;f__Acetobacteraceae;g__Acidocella;s__uncultured_Acidocella	0.7171921326922311
ebeda40cc650ad730b520566dee3c93c	d__Bacteria;p__Pseudomonadota;c__Alphaproteobacteria;o__Rickettsiales;f__Mitochondria;g__Incertae_Sedis	0.8662635133404584
bcd6e2bbffe149681d3f7d6ad8106a80	d__Bacteria;p__Pseudomonadota;c__Alphaproteobacteria;o__Acetobacterales;f__Acetobacteraceae;g__Acidocella;s__uncultured_Acidocella	0.717039426498415
114cbd9a2c2fb0a97c821c2beded79fc	d__Bacteria;p__Pseudomonadota;c__Gammaproteobacteria;o__Burkholderiales;f__Alcaligenaceae;g__Bordetella;s__uncultured_bacterium	0.9591815443934439
9636b82bec6cb6699050ba62c464827c	d__Bacteria;p__Pseudomonadota;c__Gammaproteobacteria;o__Lysobacterales;f__Rhodanobacteraceae;g__Dyella	0.9479283197193918
cd5ec671e1488c75c33e398e114930a3	d__Bacteria;p__Pseudomonadota;c__Gammaproteobacteria;o__Lysobacterales;f__Rhodanobacteraceae;g__Dyella	0.9465328363316818
9ff2cc0e4efae7d03da6b1f8d9ea30d3	d__Bacteria;p__Pseudomonadota;c__Alphaproteobacteria;o__Acetobacterales;f__Acetobacteraceae;g__Acidocella;s__uncultured_bacterium	0.7844248274692387
2783309225792f3f1b45a5427749119b	d__Bacteria;p__Bacillota;c__Bacilli;o__Staphylococcales;f__Staphylococcaceae;g__Staphylococcus;s__Staphylococcus_warneri	0.9533497563379425
d0c4fd02b5a055233d6a3558a9e3cdf8	d__Bacteria;p__Actinomycetota;c__Thermoleophilia;o__Solirubrobacterales;f__Solirubrobacteraceae;g__Conexibacter;s__uncultured_bacterium	0.9342552652545791
8152a8e01e61b6334beb102bcaf62b3b	d__Bacteria;p__Pseudomonadota;c__Gammaproteobacteria;o__Gammaproteobacteria_Incertae_Sedis;f__Unknown_Family;g__Acidibacter;s__Acidibacter_ferrireducens	0.9311190739540297
8857caf71f2fe87701c63182d6e9d5b6	d__Bacteria;p__Pseudomonadota;c__Alphaproteobacteria;o__Acetobacterales;f__Acetobacteraceae;g__Acidocella;s__uncultured_bacterium	0.7977038240805688
a2a42d3219e05474f1c28e5cd68b6a29	d__Bacteria;p__Pseudomonadota;c__Alphaproteobacteria;o__Acetobacterales;f__Acetobacteraceae;g__Acidocella;s__uncultured_bacterium	0.7843909340604563
923549d9c11fa607c662ee3c9f92378e	d__Bacteria;p__Pseudomonadota;c__Alphaproteobacteria;o__Acetobacterales;f__Acetobacteraceae;g__Acidocella;s__uncultured_bacterium	0.7843917045368112
9abe5a0de01ffe8471a0bc4c68ba01d1	d__Bacteria;p__Pseudomonadota;c__Alphaproteobacteria;o__Acetobacterales;f__Acetobacteraceae;g__Acidocella;s__uncultured_bacterium	0.7844245846921145
5c93e2171af94b202089ab9cce4d3c0c	d__Bacteria;p__Pseudomonadota;c__Alphaproteobacteria;o__Acetobacterales;f__Acetobacteraceae;g__Acidocella;s__uncultured_bacterium	0.7983628870211623
8a836cdcba805fd1334de4be7a6ec0f8	d__Bacteria;p__Actinomycetota;c__Actinobacteria;o__Frankiales;f__Acidothermaceae;g__Acidothermus;s__uncultured_actinobacterium	0.9661144837896753
e60baba68c52c3a94b954c3a4859acaa	d__Bacteria;p__Pseudomonadota;c__Alphaproteobacteria;o__Hyphomicrobiales;f__Beijerinckiaceae;g__Methylocapsa;s__uncultured_bacterium	0.846027998637608
d2ae36d173f8b5325368be47890bb681	d__Bacteria;p__Actinomycetota;c__Thermoleophilia;o__Solirubrobacterales;f__Solirubrobacteraceae;g__Conexibacter	0.8207531748488324
703cd07da1213f3922b18a6f7d8e9c9c	d__Bacteria;p__Actinomycetota;c__Acidimicrobiia;o__Acidimicrobiales;f__Acidimicrobiaceae;g__Acidiferrimicrobium;s__actinobacterium_BGR	0.999767834346522
45f9a0b8229e5f4a9964f32c14f4a103	d__Bacteria;p__Pseudomonadota;c__Alphaproteobacteria;o__Rickettsiales;f__Mitochondria;g__Incertae_Sedis;s__Arachis_hypogaea	0.7716635223165723
8ab68da7ce6fd1fdb5552a072e6d8b25	d__Bacteria;p__Pseudomonadota;c__Alphaproteobacteria;o__Acetobacterales;f__Acetobacteraceae;g__Acidocella;s__uncultured_Acidocella	0.7172125160060172
d0e45e70c36c68fda090ee4e630e7ceb	d__Bacteria;p__Actinomycetota;c__Acidimicrobiia;o__Acidimicrobiales;f__Acidimicrobiaceae;g__Acidiferrimicrobium	0.80022566030467
d642a13c3cbcd1514d3daaef9b39b824	d__Bacteria;p__Actinomycetota;c__Acidimicrobiia;o__Acidimicrobiales;f__Acidimicrobiaceae;g__Acidiferrimicrobium;s__uncultured_thermal	0.8403791473587552
8bf64abb85cd16987d07062f0016d2ef	d__Bacteria	0.9999585647529754
21da846374e5ff188dc7140e894e3ae9	d__Bacteria;p__Pseudomonadota;c__Gammaproteobacteria;o__Gammaproteobacteria_Incertae_Sedis;f__Unknown_Family;g__Acidibacter;s__Acidibacter_ferrireducens	0.9223340270472318
1c919e3f5f95d114aee632bd45cf6fb8	d__Bacteria;p__Pseudomonadota;c__Alphaproteobacteria;o__Hyphomicrobiales;f__Beijerinckiaceae;g__Methylocapsa;s__uncultured_bacterium	0.8307348988505401
15f1858ed4bffc58965606600fa43a95	d__Bacteria;p__Chlamydiota;c__Chlamydiia;o__Chlamydiales	0.9991532533904384
48687c04701821a8f83c2b97b53bb0cb	d__Bacteria;p__Pseudomonadota;c__Alphaproteobacteria;o__Hyphomicrobiales;f__Beijerinckiaceae;g__Methylocapsa;s__uncultured_bacterium	0.8292023357056902
d9743a5a57e5f31ef13e1bda1dea7ef3	d__Bacteria;p__Actinomycetota;c__Acidimicrobiia;o__Acidimicrobiales;f__Acidimicrobiaceae;g__Acidiferrimicrobium;s__uncultured_thermal	0.8508729421377604
08b02b23a484c489a79013e107abb8eb	d__Bacteria;p__Pseudomonadota;c__Alphaproteobacteria;o__Acetobacterales;f__Acetobacteraceae;g__Acidocella	0.9893744052427899
e49096d8d6023774ef21db682091f3e5	d__Bacteria;p__Patescibacteria;c__Saccharimonadia;o__Saccharimonadales	0.9999999999849498
a4b4178394993fc08a79fd270903ea1b	d__Bacteria;p__Patescibacteria;c__Saccharimonadia;o__Saccharimonadales;f__Incertae_Sedis;g__Incertae_Sedis;s__uncultured_bacterium	0.7613287978345001
60a1aced1725677a809a0d46075b06c3	d__Bacteria;p__Actinomycetota;c__Actinobacteria;o__Frankiales;f__Acidothermaceae;g__Acidothermus;s__uncultured_actinobacterium	0.9495854228910002
e7eae31a55561e3f3fe7542c6c8b5c2f	d__Bacteria;p__Actinomycetota;c__Acidimicrobiia;o__Acidimicrobiales;f__Acidimicrobiaceae;g__Acidiferrimicrobium;s__uncultured_thermal	0.8781603457643974
f8e104e332d80f2122340c02174488c6	d__Bacteria;p__Actinomycetota;c__Acidimicrobiia;o__Acidimicrobiales;f__Acidimicrobiaceae;g__Acidiferrimicrobium;s__uncultured_thermal	0.840315928723901
8bcee4ab43329284a02438435995def4	d__Bacteria;p__Actinomycetota;c__Acidimicrobiia;o__Acidimicrobiales;f__Acidimicrobiaceae;g__Acidiferrimicrobium;s__actinobacterium_BGR	0.9997521510391147
cd240a8e598dced1eac28f7933292d61	d__Bacteria;p__Pseudomonadota;c__Alphaproteobacteria;o__Acetobacterales;f__Acetobacteraceae;g__Acidocella	0.9936166442546439
0fb0ff0f975d12a64a8bd638a91b2244	d__Bacteria;p__Pseudomonadota;c__Alphaproteobacteria;o__Rickettsiales;f__Mitochondria;g__Incertae_Sedis;s__Berkeleya_fennica	0.7019349630329915
c94768f3d6e2b3a1ef92507160e62e6c	d__Bacteria;p__Pseudomonadota;c__Alphaproteobacteria;o__Acetobacterales;f__Acetobacteraceae;g__Acidocella;s__uncultured_Acidocella	0.7172147616876062
a38e1591d44fd9103a1380d20febea4c	d__Bacteria;p__Pseudomonadota;c__Alphaproteobacteria;o__Hyphomicrobiales;f__Beijerinckiaceae;g__Methylocapsa;s__uncultured_bacterium	0.830239145577485
18bf81cd9bebd055ad73c4affdaf67e5	d__Bacteria;p__Pseudomonadota;c__Alphaproteobacteria;o__Hyphomicrobiales;f__Beijerinckiaceae;g__Methylocapsa;s__uncultured_bacterium	0.8115535397541855
ec5bfb8e0dd4901781a1f0683d65ecd0	d__Bacteria;p__Actinomycetota;c__Acidimicrobiia;o__Acidimicrobiales;f__Acidimicrobiaceae;g__Acidiferrimicrobium;s__actinobacterium_BGR	0.9997581669204127
e7b3a244ce251bf9a175682c5d5af7b9	d__Bacteria;p__Actinomycetota;c__Thermoleophilia;o__Solirubrobacterales;f__Solirubrobacteraceae;g__Conexibacter	0.9902394407758752
5f906ea21fe7d991491485095f61434a	d__Bacteria;p__Actinomycetota;c__Acidimicrobiia;o__Acidimicrobiales;f__Acidimicrobiaceae;g__Acidiferrimicrobium;s__uncultured_thermal	0.8053381990907675
c92cad9ab64dbf0eb9f63c4c301499c6	d__Bacteria;p__Patescibacteria;c__Saccharimonadia;o__Saccharimonadales;f__Incertae_Sedis;g__Incertae_Sedis;s__uncultured_bacterium	0.9497759175002388
458a7275ef386e1713851ef7d1a49072	d__Bacteria;p__Pseudomonadota;c__Alphaproteobacteria;o__Acetobacterales;f__Acetobacteraceae;g__Acidocella	0.9919822380810878
33c5c6bd2b8ceee14233cb0417c153cb	d__Bacteria;p__Pseudomonadota;c__Alphaproteobacteria;o__Acetobacterales;f__Acetobacteraceae;g__Acidocella	0.9922901482140697
247fb866c47eeb10cec0423b4e49e971	d__Bacteria;p__Actinomycetota;c__Actinobacteria;o__Frankiales;f__Acidothermaceae;g__Acidothermus;s__uncultured_actinobacterium	0.9529138674065472
d2fa1dd15c8b84aef941770681249ac8	d__Bacteria;p__Pseudomonadota;c__Alphaproteobacteria;o__Acetobacterales;f__Acetobacteraceae;g__Acidocella	0.9987350496262324
fc77e3cd499a34d835e1812e6ab42f65	d__Bacteria;p__Pseudomonadota;c__Alphaproteobacteria;o__Hyphomicrobiales;f__Beijerinckiaceae;g__Methylocapsa;s__uncultured_bacterium	0.8305639361362867
8bd353c80a7dad6382b0f0bdc4677c8d	d__Bacteria;p__Actinomycetota;c__Acidimicrobiia;o__Acidimicrobiales;f__Acidimicrobiaceae;g__Acidiferrimicrobium;s__uncultured_thermal	0.8513010456597504
027c1da968cabcfa605e2db646d033ed	d__Bacteria;p__Patescibacteria;c__Saccharimonadia;o__Saccharimonadales	0.9999999999938523
1ff6707815ca91e2f70211d1c4261e1f	d__Bacteria;p__Pseudomonadota;c__Alphaproteobacteria;o__Acetobacterales;f__Acetobacteraceae;g__Acidocella	0.9895135525885278
dd51717ebaf6881c29bfc0110809a8f6	d__Bacteria;p__Patescibacteria;c__Saccharimonadia;o__Saccharimonadales;f__Incertae_Sedis;g__Incertae_Sedis;s__uncultured_bacterium	0.8194882218916197
f35daa99897f1c5aa4341d77d262d0de	d__Bacteria;p__Actinomycetota;c__Actinobacteria;o__Frankiales;f__Acidothermaceae;g__Acidothermus;s__uncultured_actinobacterium	0.965782397330796
c38386eceb39a90b1043f037ad4848e7	d__Bacteria;p__Pseudomonadota;c__Alphaproteobacteria;o__Hyphomicrobiales;f__Beijerinckiaceae;g__Methylocapsa;s__uncultured_bacterium	0.8357267544694829
8bedaa421543a7360bf57376229245e3	d__Bacteria;p__Pseudomonadota;c__Alphaproteobacteria;o__Acetobacterales;f__Acetobacteraceae;g__Acidocella	0.9932384241310236
e231822c2275b371ba9f7d0b72347e19	d__Bacteria;p__Actinomycetota;c__Acidimicrobiia;o__Acidimicrobiales;f__Acidimicrobiaceae;g__Acidiferrimicrobium;s__uncultured_thermal	0.8510425358206879
6c26290aa42557f341353e9dfcc46b73	d__Bacteria;p__Actinomycetota;c__Acidimicrobiia;o__Acidimicrobiales;f__Acidimicrobiaceae;g__Acidiferrimicrobium;s__actinobacterium_BGR	0.9997759297440832
345c3a06cda87d628e820cd6e90db32b	d__Bacteria;p__Patescibacteria;c__Saccharimonadia;o__Saccharimonadales;f__Incertae_Sedis;g__Incertae_Sedis;s__uncultured_bacterium	0.9769632588860737
2f849caaaeccb020f529d497beb2e04a	d__Bacteria;p__Pseudomonadota;c__Alphaproteobacteria;o__Acetobacterales;f__Acetobacteraceae;g__Acidocella	0.9913310407296054
76b8cbc295a2d5f5ba677efc3c9b9437	d__Bacteria;p__Actinomycetota;c__Acidimicrobiia;o__Acidimicrobiales;f__Acidimicrobiaceae;g__Acidiferrimicrobium;s__actinobacterium_BGR	0.9997891736966737
a9f1046ec34cb0c494e53016c078e89d	d__Bacteria;p__Pseudomonadota;c__Alphaproteobacteria;o__Acetobacterales;f__Acetobacteraceae;g__Acidocella	0.9905769474711827
49ac12b967bfc0ef697fec2b15e72812	d__Bacteria;p__Pseudomonadota;c__Alphaproteobacteria;o__Rickettsiales;f__Mitochondria;g__Incertae_Sedis	0.8626955841056986
c1150c85aee24e27640d2c66e25d0570	d__Bacteria;p__Actinomycetota;c__Thermoleophilia;o__Solirubrobacterales;f__Solirubrobacteraceae;g__Conexibacter;s__uncultured_bacterium	0.9568865407091464
724c0c3bb0cc5988066966096260a26f	d__Bacteria;p__Pseudomonadota;c__Gammaproteobacteria;o__Lysobacterales;f__Rhodanobacteraceae;g__Dyella	0.9438958328596504
03be20b11b165d2c469153fe6a645cd0	d__Bacteria;p__Pseudomonadota;c__Alphaproteobacteria;o__Rickettsiales;f__Mitochondria;g__Incertae_Sedis;s__Paracoccidioides_brasiliensis	0.9016740997107875
09aa1702de3651b4985ddb09c0ccc8ba	d__Bacteria	0.9995821103865429
f8445c24fc22af53fc142751b718649d	d__Bacteria;p__Actinomycetota;c__Thermoleophilia;o__Solirubrobacterales;f__Solirubrobacteraceae;g__Conexibacter;s__uncultured_bacterium	0.9372127180384516
a7b23bd7c090ed572e0d796362ca220b	d__Bacteria;p__Actinomycetota;c__Thermoleophilia;o__Solirubrobacterales;f__Solirubrobacteraceae;g__Conexibacter;s__uncultured_bacterium	0.8575430484231307
e9b819fc49184cd1364e18d2677ef210	d__Bacteria;p__Pseudomonadota;c__Alphaproteobacteria;o__Acetobacterales;f__Acetobacteraceae;g__Acidocella;s__uncultured_bacterium	0.8212717270920519
44901308a85c3694379f9907b5d200cb	d__Bacteria;p__Pseudomonadota;c__Alphaproteobacteria;o__Acetobacterales;f__Acetobacteraceae;g__Acidocella;s__uncultured_bacterium	0.7977364502002158
5e01015b20abade6c5bba84cf0e6ad07	d__Bacteria;p__Actinomycetota;c__Thermoleophilia;o__Solirubrobacterales;f__Solirubrobacteraceae;g__Conexibacter	0.9034081580903931
046508a5322859442216dc057c09361e	d__Bacteria;p__Pseudomonadota;c__Alphaproteobacteria;o__Acetobacterales;f__Acetobacteraceae;g__Acidocella;s__uncultured_bacterium	0.7500340951077319
1584e139faae2a58dc7069da4d97aba7	d__Bacteria;p__Actinomycetota;c__Thermoleophilia;o__Solirubrobacterales;f__Solirubrobacteraceae;g__Conexibacter	0.9190185373855049
72c4753ed1c5b5b1747ec4d8ad04a943	d__Bacteria;p__Pseudomonadota;c__Alphaproteobacteria;o__Acetobacterales;f__Acetobacteraceae;g__Acidocella;s__uncultured_bacterium	0.7843923298618537
40c26244b703f2d6308cdf57ce1589a8	d__Bacteria;p__Pseudomonadota;c__Alphaproteobacteria;o__Acetobacterales;f__Acetobacteraceae;g__Acidocella;s__uncultured_bacterium	0.7843887012295344
41541c0b683ed4461dbf01b76583ea42	d__Bacteria;p__Actinomycetota;c__Actinobacteria;o__Frankiales;f__Acidothermaceae;g__Acidothermus;s__uncultured_actinobacterium	0.9696008948286158
29816be402ca0ce815689a0fe9e797db	d__Bacteria;p__Pseudomonadota;c__Gammaproteobacteria;o__Gammaproteobacteria_Incertae_Sedis;f__Unknown_Family;g__Acidibacter;s__Acidibacter_ferrireducens	0.8863051394934061
b2541df24f1e94c2d708f38d3d65c615	d__Bacteria;p__Actinomycetota;c__Thermoleophilia;o__Solirubrobacterales;f__Solirubrobacteraceae;g__Conexibacter	0.9931865411896492
6c040ab3caa5e768220bc74099f77b78	d__Bacteria;p__Patescibacteria;c__Saccharimonadia;o__Saccharimonadales;f__Incertae_Sedis;g__Incertae_Sedis	0.7047454947223876
43d96fcce576060dc6774a763d396179	d__Bacteria;p__Pseudomonadota;c__Alphaproteobacteria;o__Acetobacterales;f__Acetobacteraceae;g__Acidocella	0.9919573400370248
d16975015cdb085defd81d376de1a9af	d__Bacteria;p__Actinomycetota;c__Actinobacteria;o__Frankiales;f__Acidothermaceae;g__Acidothermus;s__uncultured_actinobacterium	0.9742887959846692
1e3798c806a7be2e364657679ed618b5	d__Bacteria;p__Patescibacteria;c__Saccharimonadia;o__Saccharimonadales;f__Incertae_Sedis;g__Incertae_Sedis;s__uncultured_bacterium	0.9689046885042693
7a857be3a2f803db1b633c94a7364b29	d__Bacteria;p__Pseudomonadota;c__Alphaproteobacteria;o__Acetobacterales;f__Acetobacteraceae;g__Acidocella;s__uncultured_Acidocella	0.7174743124397629
f8310819ae0c60079910c907d69fa623	d__Bacteria;p__Actinomycetota;c__Acidimicrobiia;o__Acidimicrobiales;f__Acidimicrobiaceae;g__Acidiferrimicrobium;s__uncultured_thermal	0.8132626275776615
280717866839d856bbdb02293c44fafd	d__Bacteria;p__Actinomycetota;c__Actinobacteria;o__Frankiales;f__Acidothermaceae;g__Acidothermus;s__uncultured_actinobacterium	0.9544381704198653
73099903a3755ca62b818aa65d6d916c	d__Bacteria;p__Actinomycetota;c__Actinobacteria;o__Frankiales;f__Acidothermaceae;g__Acidothermus;s__uncultured_actinobacterium	0.9800826193868724
3d663ab48eff28f2984513eb64501c0f	d__Bacteria;p__Pseudomonadota;c__Alphaproteobacteria;o__Acetobacterales;f__Acetobacteraceae;g__Acidocella;s__uncultured_Acidocella	0.7174735971084414
a5b76ea191381600ed7547ca55a8ab6c	d__Bacteria;p__Patescibacteria;c__Saccharimonadia;o__Saccharimonadales	0.9999999999854584
e7872d0206a5707aea9abfe3df6d7557	d__Bacteria;p__Pseudomonadota;c__Alphaproteobacteria;o__Hyphomicrobiales;f__Beijerinckiaceae;g__Methylocapsa;s__uncultured_bacterium	0.8119175953797304
25e4387c7237741adc190c860f268c5a	d__Bacteria;p__Patescibacteria;c__Saccharimonadia;o__Saccharimonadales	0.9999999999944146
ea8b05e931c2fdea19bfae6725f98091	d__Bacteria;p__Pseudomonadota;c__Alphaproteobacteria;o__Hyphomicrobiales;f__Beijerinckiaceae;g__Methylocapsa;s__uncultured_bacterium	0.8353157378642491
c35e6af4d9a90996e43d5a053cf2af23	d__Bacteria;p__Pseudomonadota;c__Alphaproteobacteria;o__Acetobacterales;f__Acetobacteraceae	0.9999998077536751
e55decb0388e08f8ca304fbcbdb785c9	d__Bacteria;p__Actinomycetota;c__Thermoleophilia;o__Solirubrobacterales;f__Solirubrobacteraceae;g__Conexibacter	0.8144905597103353
223cb51d0c4cda7c0634ce80627bcc73	d__Bacteria;p__Actinomycetota;c__Actinobacteria;o__Frankiales;f__Acidothermaceae;g__Acidothermus;s__uncultured_actinobacterium	0.9425242243537371
2519225e2d9228ae36c15762bf484ad7	d__Bacteria;p__Cyanobacteriota;c__Cyanobacteriia;o__Chloroplast;f__Incertae_Sedis;g__Incertae_Sedis;s__Dictyopteris_undulata	0.7285921408568597
0330e7dcffa5f5baac9e99d71277c724	d__Bacteria;p__Pseudomonadota;c__Alphaproteobacteria;o__Acetobacterales;f__Acetobacteraceae;g__Acidocella;s__uncultured_Acidocella	0.7619326465780882
3b4817944b5d42afebe0b1cf48d0ef5a	d__Bacteria;p__Pseudomonadota;c__Alphaproteobacteria;o__Acetobacterales;f__Acetobacteraceae;g__Acidocella	0.9894763173777457
0053d2a0f044eee989cc3aeafefdd5e7	d__Bacteria;p__Actinomycetota;c__Thermoleophilia;o__Solirubrobacterales;f__Solirubrobacteraceae;g__Conexibacter	0.7425554906511218
bfba5f96d26ce00acc6c41b9ddc28e50	d__Bacteria;p__Pseudomonadota;c__Alphaproteobacteria;o__Acetobacterales;f__Acetobacteraceae;g__Acidocella	0.9895810988478752
95ba85ca79eecfa39bd5543d04f52e3b	d__Bacteria;p__Pseudomonadota;c__Alphaproteobacteria;o__Acetobacterales;f__Acetobacteraceae;g__Acidocella;s__uncultured_Acidocella	0.7644718954538543
022f856f05796c6dc0f92a2a65df33fc	d__Bacteria;p__Actinomycetota;c__Acidimicrobiia;o__Acidimicrobiales;f__Acidimicrobiaceae;g__Acidiferrimicrobium;s__uncultured_thermal	0.8403825065729187
47d3021158f25a44a0814934be783b4a	d__Bacteria;p__Pseudomonadota;c__Alphaproteobacteria;o__Rickettsiales;f__Mitochondria;g__Incertae_Sedis	0.8394055986613457
1b7ea2373b3c6aa77930279ccade2101	d__Bacteria;p__Pseudomonadota;c__Alphaproteobacteria;o__Acetobacterales;f__Acetobacteraceae;g__Acidocella	0.9910395361530578
7d252600c093f91599688c3f48c6b4c2	d__Bacteria;p__Actinomycetota;c__Actinobacteria;o__Frankiales;f__Acidothermaceae;g__Acidothermus;s__uncultured_actinobacterium	0.9668695792681883
4fb2e90f4a359494a1951f79e8ed78d7	d__Bacteria;p__Actinomycetota;c__Thermoleophilia;o__Solirubrobacterales;f__Solirubrobacteraceae;g__Incertae_Sedis;s__soil_metagenome	0.9999454029135516
bd82db0b37d30f0c9fa4eda2e0537229	d__Bacteria;p__Dependentiae;c__Babeliae;o__Babeliales;f__Vermiphilaceae;g__Incertae_Sedis	0.845767926605466
7c8c1d647a20302dcbc2afe9d63f9b24	d__Bacteria	0.9997568180711253
f3d3cafe0909e48137d377b3338d4091	d__Bacteria;p__Pseudomonadota;c__Gammaproteobacteria;o__Lysobacterales;f__Rhodanobacteraceae;g__Dyella	0.956030155610339
46e40184b0e7282b2bf794bf419fd6ff	d__Bacteria;p__Pseudomonadota;c__Alphaproteobacteria;o__Acetobacterales;f__Acetobacteraceae;g__Acidocella;s__uncultured_bacterium	0.7983312272288664
9ffef950889d94f5edf8f95e292f5d97	d__Bacteria;p__Pseudomonadota;c__Alphaproteobacteria;o__Acetobacterales;f__Acetobacteraceae;g__Acidocella;s__uncultured_bacterium	0.7843913969591337
c05495a0bf14f7253e2ca609cfae0a2b	d__Bacteria;p__Pseudomonadota;c__Alphaproteobacteria;o__Acetobacterales;f__Acetobacteraceae;g__Acidocella;s__uncultured_bacterium	0.7844244826418448
671c0e5b407613f0ad28b2da60502408	d__Bacteria;p__Pseudomonadota;c__Gammaproteobacteria;o__Gammaproteobacteria_Incertae_Sedis;f__Unknown_Family;g__Acidibacter;s__Acidibacter_ferrireducens	0.8452608579259308
acf408283c6cb793272c0c7a2e7f0970	d__Bacteria;p__Pseudomonadota;c__Alphaproteobacteria;o__Acetobacterales;f__Acetobacteraceae;g__Acidocella;s__uncultured_Acidocella	0.7171920896835919
479efca950244dcb9c32eeb9adaa2e67	d__Bacteria;p__Actinomycetota;c__Acidimicrobiia;o__Acidimicrobiales;f__Acidimicrobiaceae;g__Acidiferrimicrobium;s__actinobacterium_BGR	0.9997691680191514
a10045e21040abbc9ec1a37af7a9e708	d__Bacteria;p__Pseudomonadota;c__Alphaproteobacteria;o__Acetobacterales;f__Acetobacteraceae;g__Acidocella;s__uncultured_Acidocella	0.7644933134069682
c1b43ed5fcfee79ef811ec801a3ea20b	d__Bacteria;p__Actinomycetota;c__Actinobacteria;o__Frankiales;f__Acidothermaceae;g__Acidothermus;s__uncultured_actinobacterium	0.9578186927793518
73016c3d1160625be3469cd4d76cb96b	d__Bacteria;p__Actinomycetota;c__Acidimicrobiia;o__Acidimicrobiales;f__Acidimicrobiaceae;g__Acidiferrimicrobium;s__uncultured_thermal	0.813255034533342
5c04a4ec369428f115eb21b3f1595571	d__Bacteria;p__Patescibacteria;c__Saccharimonadia;o__Saccharimonadales	0.9999999999872274
2e7d2b633dd8ce86fd3ce37b4257b991	d__Bacteria;p__Actinomycetota;c__Actinobacteria;o__Frankiales;f__Acidothermaceae;g__Acidothermus;s__uncultured_actinobacterium	0.9696008939967448
de571b0022d480ccc85e6fc2709f01d4	d__Bacteria;p__Pseudomonadota;c__Alphaproteobacteria;o__Acetobacterales;f__Acetobacteraceae;g__Acidocella	0.9939480079024541
90ce230c4a6abba05a8b98376cefb8fc	d__Bacteria;p__Actinomycetota;c__Acidimicrobiia;o__Acidimicrobiales;f__Acidimicrobiaceae;g__Acidiferrimicrobium;s__uncultured_thermal	0.8511634282830233
06cf6a0f45200e266861513145e7f188	d__Bacteria;p__Pseudomonadota;c__Alphaproteobacteria;o__Hyphomicrobiales;f__Beijerinckiaceae;g__Methylocapsa;s__uncultured_bacterium	0.8305571851130749
5ccff2bfb26dc4558f1456e5493da4f6	d__Bacteria;p__Pseudomonadota;c__Gammaproteobacteria;o__Gammaproteobacteria_Incertae_Sedis;f__Unknown_Family;g__Candidatus_Berkiella;s__uncultured_bacterium	0.991366284131609
c8ea617ab0f5a4b43b41c0c74f73dd42	d__Bacteria;p__Pseudomonadota;c__Gammaproteobacteria;o__Gammaproteobacteria_Incertae_Sedis;f__Unknown_Family;g__Acidibacter;s__Acidibacter_ferrireducens	0.880541661829344
f9691af1584faf5c0da7df93f8f028dd	d__Bacteria;p__Actinomycetota;c__Actinobacteria;o__Frankiales;f__Acidothermaceae;g__Acidothermus;s__uncultured_actinobacterium	0.9746132451953782
9d785f76a2dca93fa86a9e8c6e301f04	d__Bacteria;p__Actinomycetota;c__Thermoleophilia;o__Solirubrobacterales;f__Solirubrobacteraceae;g__Incertae_Sedis;s__soil_metagenome	0.9999357752811339
ceab8eb7d660497fc3a8b7f37ff649f8	d__Bacteria;p__Actinomycetota;c__Acidimicrobiia;o__Acidimicrobiales;f__Acidimicrobiaceae;g__Acidiferrimicrobium;s__uncultured_thermal	0.8509457081664017
9dd689de4613b6412c975abf457c6899	d__Bacteria;p__Pseudomonadota;c__Gammaproteobacteria;o__Gammaproteobacteria_Incertae_Sedis;f__Unknown_Family;g__Acidibacter;s__Acidibacter_ferrireducens	0.7801320432753532
a68f666fdebdc03238059f161c0fac50	d__Bacteria;p__Actinomycetota;c__Actinobacteria;o__Frankiales;f__Acidothermaceae;g__Acidothermus;s__uncultured_actinobacterium	0.954090227847442
6ff533dc3cb33dc6753ba1044425b3f4	d__Bacteria;p__Actinomycetota;c__Actinobacteria;o__Frankiales;f__Acidothermaceae;g__Acidothermus;s__uncultured_actinobacterium	0.9425242229968904
92e32ff69476433ccb6ebd2b0c2e4e1d	d__Bacteria;p__Pseudomonadota;c__Alphaproteobacteria;o__Acetobacterales;f__Acetobacteraceae;g__Acidocella	0.9927333021882726
88c99dc647ae459923ee4c8766b761df	d__Bacteria;p__Pseudomonadota;c__Gammaproteobacteria;o__Gammaproteobacteria_Incertae_Sedis;f__Unknown_Family;g__Acidibacter;s__Acidibacter_ferrireducens	0.8644984028244139
4009af0108a1e19d004d974e78e437cd	d__Bacteria;p__Patescibacteria;c__Saccharimonadia;o__Saccharimonadales	0.9999999999893053
06096fdcfd3986a504ea4563c8dcb6a9	d__Bacteria;p__Pseudomonadota;c__Alphaproteobacteria;o__Acetobacterales;f__Acetobacteraceae;g__Acidocella	0.9919735685912483
4572c029cf89100cd836b846f2ab82c9	d__Bacteria;p__Pseudomonadota;c__Alphaproteobacteria;o__Acetobacterales;f__Acetobacteraceae;g__Acidocella;s__uncultured_bacterium	0.7500723910121196
70f4244f36cf7b4e8d2b5943743b787b	d__Bacteria;p__Actinomycetota;c__Acidimicrobiia;o__Acidimicrobiales;f__Acidimicrobiaceae;g__Acidiferrimicrobium;s__actinobacterium_BGR	0.9997622510546259
654dfbfac3a454f490b3313840379046	d__Bacteria;p__Pseudomonadota;c__Alphaproteobacteria;o__Acetobacterales;f__Acetobacteraceae;g__Acidocella	0.9921087877810146
74edfe0099859cdaed916099a820af87	d__Bacteria;p__Planctomycetota;c__Phycisphaerae;o__Tepidisphaerales;f__WD2101_soil_group;g__Incertae_Sedis;s__uncultured_bacterium	0.9495601205845252
abc89d9e473d0438e2ceb69309c46233	d__Bacteria;p__Pseudomonadota;c__Alphaproteobacteria;o__Rickettsiales;f__Mitochondria;g__Incertae_Sedis	0.8389906910728014
2186a591c8f48f99d7146adb682a2460	d__Bacteria;p__Pseudomonadota;c__Gammaproteobacteria;o__Gammaproteobacteria_Incertae_Sedis;f__Unknown_Family;g__Acidibacter;s__Acidibacter_ferrireducens	0.9009357841841815
e7d59de85ef2172ecb6d9f544c31585e	d__Bacteria;p__Patescibacteria;c__Saccharimonadia;o__Saccharimonadales	0.9999999999935394
975f0dda33dca81d2decec5c0fcc3253	d__Bacteria;p__Actinomycetota;c__Actinobacteria;o__Frankiales;f__Acidothermaceae;g__Acidothermus;s__uncultured_actinobacterium	0.9691584642114722
1fee9da246002a6e61bec94af383b388	d__Bacteria;p__Actinomycetota;c__Actinobacteria;o__Frankiales;f__Acidothermaceae;g__Acidothermus;s__uncultured_actinobacterium	0.9746132437448032
1f7f5d47279fa86260bf4d9eb6e2b9a7	d__Bacteria;p__Pseudomonadota;c__Alphaproteobacteria;o__Acetobacterales;f__Acetobacteraceae;g__Acidocella	0.9910078965092387
36d01b4a389d0c315474112fc142f359	d__Bacteria;p__Actinomycetota;c__Acidimicrobiia;o__Acidimicrobiales;f__Acidimicrobiaceae;g__Acidiferrimicrobium;s__uncultured_thermal	0.8219409625615735
c0c37f569652f5c8d50545c3f46cf4f3	d__Bacteria;p__Patescibacteria;c__Saccharimonadia;o__Saccharimonadales	0.9999999999902858
d10b75df9d3831cd0c5c346251cab4f8	d__Bacteria;p__Pseudomonadota;c__Alphaproteobacteria;o__Acetobacterales;f__Acetobacteraceae;g__Acidocella	0.9976337146112326
d148a0a342c649052b8fb0928169f0e2	d__Bacteria;p__Pseudomonadota;c__Alphaproteobacteria;o__Acetobacterales;f__Acetobacteraceae;g__Acidocella	0.9938808847964067
8816e1af5781f2cab55125ce2b1c6e17	d__Bacteria;p__Patescibacteria;c__Saccharimonadia;o__Saccharimonadales	0.9999999999828657
91001068fde19c6ca81c1ed05d0ac98a	d__Bacteria;p__Patescibacteria;c__Saccharimonadia;o__Saccharimonadales;f__Incertae_Sedis;g__Incertae_Sedis;s__uncultured_bacterium	0.9799948718187702
c0146236b0cf69a26f29d57a53638c77	d__Bacteria;p__Pseudomonadota;c__Gammaproteobacteria;o__Lysobacterales;f__Rhodanobacteraceae;g__Dyella	0.9465434563080496
de0a3180bef47761480aecd4f48e9275	d__Bacteria;p__Pseudomonadota;c__Alphaproteobacteria;o__Rickettsiales;f__Mitochondria;g__Incertae_Sedis;s__Arachis_hypogaea	0.9448678366168135
434f74aad353459f662ca3a730b37efb	d__Bacteria;p__Pseudomonadota;c__Gammaproteobacteria;o__Lysobacterales;f__Rhodanobacteraceae;g__Dyella	0.9598606096775161
b4d80dc566a8ebb1629037465ceb9d11	d__Bacteria;p__Pseudomonadota;c__Alphaproteobacteria;o__Acetobacterales;f__Acetobacteraceae;g__Acidocella;s__uncultured_bacterium	0.7844254072728477
e9043187ccbf4a06d97d2eb9c8c6053a	d__Bacteria;p__Pseudomonadota;c__Alphaproteobacteria;o__Acetobacterales;f__Acetobacteraceae;g__Acidocella;s__uncultured_bacterium	0.750035742201177
10d88e5be4a635107ec43628a19fefd1	d__Bacteria;p__Pseudomonadota;c__Alphaproteobacteria;o__Acetobacterales;f__Acetobacteraceae;g__Acidocella;s__uncultured_bacterium	0.7844234997088496
5da366730fd8c647f08d6eee0a5deb33	d__Bacteria;p__Dependentiae;c__Babeliae;o__Babeliales;f__Babeliaceae;g__Incertae_Sedis;s__uncultured_Candidatus	0.8293607237686196
da921d2d1a098b0911caeb3de12e9620	d__Bacteria;p__Pseudomonadota;c__Gammaproteobacteria;o__Pseudomonadales;f__Moraxellaceae;g__Acinetobacter;s__Acinetobacter_venetianus	0.9778709994733168
4fec7b29b134e5d77ce19e39947bf5e7	d__Bacteria;p__Pseudomonadota;c__Alphaproteobacteria;o__Acetobacterales;f__Acetobacteraceae;g__Acidocella;s__uncultured_bacterium	0.7843887572187118
5bc8b09e875cdcb1c9e77220b79840fd	d__Bacteria;p__Pseudomonadota;c__Alphaproteobacteria;o__Acetobacterales;f__Acetobacteraceae;g__Acidocella;s__uncultured_bacterium	0.7983645844076993
e6adacc3fe58612b9ba3d008f378739b	d__Bacteria;p__Pseudomonadota;c__Alphaproteobacteria;o__Rickettsiales;f__Mitochondria;g__Incertae_Sedis	0.8460453343184566
6a4fc195255745a8e20785d78669e5f1	d__Bacteria;p__Cyanobacteriota;c__Cyanobacteriia;o__Chloroplast;f__Incertae_Sedis;g__Incertae_Sedis	0.9999469983738611
16096f41317dc51e7afee359322d14f5	d__Bacteria;p__Actinomycetota;c__Actinobacteria;o__Frankiales;f__Acidothermaceae;g__Acidothermus;s__uncultured_actinobacterium	0.9544381693547466
7eedb895caa7c5e8999074115200d5aa	d__Bacteria;p__Chlamydiota;c__Chlamydiia;o__Chlamydiales;f__Simkaniaceae;g__Incertae_Sedis;s__uncultured_bacterium	0.9905341845329522
d468fd086677dca7390c7740fe4c4909	d__Bacteria;p__Patescibacteria;c__Saccharimonadia;o__Saccharimonadales	0.9999999999855669
45160f99a6780dbe788ea268f21bc04e	d__Bacteria;p__Pseudomonadota;c__Alphaproteobacteria;o__Acetobacterales;f__Acetobacteraceae;g__Acidocella	0.9919443712699527
80a29d447e9ca586db9ffdaffae4d29f	d__Bacteria;p__Pseudomonadota;c__Alphaproteobacteria;o__Rickettsiales;f__Mitochondria;g__Incertae_Sedis	0.9999999992360998
be829f0af7112c95f4da2069d0294694	d__Bacteria;p__Pseudomonadota;c__Alphaproteobacteria;o__Acetobacterales;f__Acetobacteraceae;g__Acidocella;s__uncultured_bacterium	0.797704513271068
d28bdda77fe7ef69a4aead0d69149177	d__Bacteria;p__Actinomycetota;c__Actinobacteria;o__Frankiales;f__Acidothermaceae;g__Acidothermus;s__uncultured_actinobacterium	0.9668695781997625
6cf5c8ca51380620e31b644c2bc2a011	d__Bacteria;p__Actinomycetota;c__Actinobacteria;o__Frankiales;f__Acidothermaceae;g__Acidothermus;s__uncultured_actinobacterium	0.9578186913780967
9267d9814a27d2d5f0028b1a45aa3158	d__Bacteria;p__Pseudomonadota;c__Gammaproteobacteria;o__Burkholderiales;f__Comamonadaceae;g__Thiomonas;s__uncultured_proteobacterium	0.9999267686012457
8b3671f9b7baa58ebe04736435863fd1	d__Bacteria;p__Pseudomonadota;c__Gammaproteobacteria;o__Gammaproteobacteria_Incertae_Sedis;f__Unknown_Family;g__Acidibacter;s__Acidibacter_ferrireducens	0.8370056426928542
bbbda5848604d9b1cf0f398da365f328	d__Bacteria;p__Pseudomonadota;c__Gammaproteobacteria;o__Coxiellales;f__Coxiellaceae;g__Coxiella;s__uncultured_bacterium	0.77936227492622
bf662a3ca69ac03632cec889f9d07345	d__Bacteria;p__Pseudomonadota;c__Gammaproteobacteria;o__Gammaproteobacteria_Incertae_Sedis;f__Unknown_Family;g__Acidibacter;s__Acidibacter_ferrireducens	0.8109920153836393
7c5ded86c3de8bbca207e77b112076f2	d__Bacteria	0.9991275697670123
b39832e613f31ffff0e1bbd9e6a7bc0c	d__Bacteria;p__Pseudomonadota;c__Gammaproteobacteria;o__Gammaproteobacteria_Incertae_Sedis;f__Unknown_Family;g__Candidatus_Berkiella;s__Ectothiorhodospira_sp.	0.7729260155901563
2e80f3508acf34a0c893d5e7312e8860	d__Bacteria;p__Pseudomonadota;c__Alphaproteobacteria	0.7106188794693982
ec425392e7c75be4b30096be4e92b69b	d__Bacteria;p__Cyanobacteriota;c__Vampirivibrionia;o__Obscuribacterales;f__Obscuribacteraceae;g__Incertae_Sedis;s__uncultured_bacterium	0.9995078931851354
3041a129570fd4ff351750407630d08b	d__Bacteria;p__Pseudomonadota;c__Gammaproteobacteria;o__Burkholderiales;f__Comamonadaceae;g__Thiomonas;s__uncultured_proteobacterium	0.9992562358958221
42e0118a3259438fdb7e6b7609dad4ad	d__Bacteria;p__Chlamydiota;c__Chlamydiia;o__Chlamydiales;f__cvE6;g__Incertae_Sedis	0.9999979694183824
3786d19f080dc5064107ee962135adbb	d__Bacteria	0.9994505002694688
03208103f5618a8be6d52ca772c7b5fc	d__Bacteria;p__Planctomycetota;c__Phycisphaerae;o__Tepidisphaerales;f__CPla-3_termite_group;g__Incertae_Sedis;s__uncultured_bacterium	0.9999986916655562
e9d6701c8a8576aaf4696d2ae4d4317d	d__Bacteria;p__Chlamydiota;c__Chlamydiia;o__Chlamydiales;f__Simkaniaceae;g__Incertae_Sedis	0.7950181055981582
aaa13065d919921dce952e6463fba751	d__Bacteria;p__Pseudomonadota;c__Alphaproteobacteria;o__Hyphomicrobiales;f__Beijerinckiaceae;g__Methylobacterium;s__groundwater_biofilm	0.9930514613589799
5dd06c9f29e7f3974c143138dd65b290	d__Bacteria;p__Chlamydiota;c__Chlamydiia;o__Chlamydiales;f__Simkaniaceae;g__Incertae_Sedis;s__uncultured_bacterium	0.9959373980400487
